import numpy as np

a = [2962794,
1200311,
923374,
344985,
500598,
185903,
107410,
395685,
486385,
3626,
738679,
1499166,
1793235,
4007799,
3,
373528,
2.80793e+06,
1262912,
790539,
279791,
391103,
64782,
30689,
169611,
598568,
2919,
794068,
1455433,
1617052,
4337103,
9,
250539,
6,
5,
0,
0,
1,
0,
0,
1,
1,
0,
1,
4,
3,
16,
0,
0,
61,
50,
1,
40,
43,
61,
30,
0,
33,
0,
0,
30,
1719205,
633643,
417663,
79859,
198995,
7123,
4001,
142540,
437133,
975,
412157,
903776,
1008235,
2430666,
0,
165560,
5,
0,
0,
0,
0,
0,
0,
1,
3,
0,
0,
2,
4,
8,
0,
0,
21,
18,
0,
9,
21,
31,
13,
0,
19,
0,
0,
13,
1408256,
540988,
278768,
73093,
154779,
20580,
12652,
114005,
320665,
4893,
353416,
711872,
892017,
2221184,
405,
372908,
6,
1,
0,
0,
0,
0,
0,
0,
2,
0,
3,
1,
5,
8,
0,
0,
17,
12,
0,
8,
22,
30,
10,
0,
22,
0,
0,
10,
1653697,
536881,
333879,
51490,
149042,
12071,
6528,
117617,
406322,
1812,
463702,
853212,
1004161,
2347494,
8,
323001,
6,
0,
1,
0,
0,
0,
0,
0,
0,
0,
1,
2,
5,
8,
0,
0,
10,
22,
0,
4,
28,
32,
13,
0,
19,
0,
0,
13,
10165763,
2539219,
2029427,
185213,
1.24434e+06,
39159,
25168,
792767,
1.8067e+06,
10419,
2667802,
5143802,
6438311,
14937264,
542,
1.52541e+06,
2635892,
1.0577e+06,
655574,
166706,
269526,
44514,
27726,
178696,
584624,
9172,
736830,
1337012,
1.66983e+06,
3.63423e+06,
415,
380042,
3,
3,
3,
3,
2,
1,
0,
0,
1,
0,
0,
3,
2,
7,
0,
0,
172,
174,
13,
147,
122,
159,
134,
0,
44,
0,
0,
135,
3126372,
342250,
228984,
22579,
122503,
640,
208,
102530,
365868,
2,
723390,
1558937,
2.10575e+06,
5755682,
0,
566844,
2860673,
316865,
231514,
29782,
135949,
6008,
3621,
116664,
475237,
1053,
646569,
1497674,
2038119,
5744737,
26,
567915,
10,
5,
1,
0,
1,
0,
0,
0,
3,
0,
2,
4,
7,
11,
0,
1,
136,
138,
0,
53,
188,
265,
117,
0,
170,
0,
0,
118,
2882698,
302481,
176888,
10232,
116430,
242,
58,
109506,
404040,
0,
649656,
1428982,
2046568,
5706348,
0,
596330,
2.41408e+06,
192847,
175958,
24256,
102756,
6366,
3823,
89392,
303741,
1380,
478203,
1182218,
1870246,
5724582,
125,
619767,
11,
4,
2,
0,
1,
0,
0,
1,
3,
0,
4,
5,
7,
12,
0,
0,
129,
120,
0,
61,
165,
256,
126,
0,
158,
0,
0,
130,
2518461,
151657,
103835,
2378,
69494,
34,
7,
64522,
258753,
0,
561346,
1251222,
1882275,
5725318,
0,
622961,
2.48947e+06,
172571,
111634,
22665,
77604,
10305,
8119,
61868,
278304,
5157,
457451,
1.19621e+06,
1.94928e+06,
5693145,
1380,
697172,
11,
4,
1,
0,
2,
0,
0,
2,
1,
0,
3,
4,
8,
12,
0,
0,
176,
89,
0,
76,
157,
254,
133,
0,
154,
0,
0,
134,
2614583,
112371,
103657,
2914,
88238,
149,
30,
83800,
333060,
0,
566357,
1296598,
1.93877e+06,
5780552,
0,
519786,
2278373,
165261,
128038,
21407,
111028,
9106,
6997,
77282,
270036,
4328,
503169,
1096582,
1786037,
5665044,
975,
701464,
9,
4,
6,
1,
0,
0,
0,
1,
2,
0,
1,
4,
6,
12,
0,
0,
157,
148,
0,
64,
136,
232,
138,
0,
128,
0,
0,
159,
3.18216e+06,
166067,
134330,
3338,
113198,
85,
21,
112076,
436747,
0,
732742,
1.55537e+06,
2221458,
5781797,
0,
519593,
2158798,
218653,
164666,
35475,
105033,
14988,
11647,
82025,
307760,
7029,
469348,
1084421,
1617844,
5339314,
1649,
949556,
11,
4,
2,
1,
3,
0,
0,
0,
4,
0,
2,
5,
6,
12,
0,
0,
137,
125,
0,
55,
130,
243,
136,
0,
139,
0,
1,
148,
3388807,
181970,
151609,
3489,
124301,
25,
5,
121741,
474770,
0,
760112,
1675059,
2339856,
6010151,
0,
361706,
2206043,
183552,
141294,
33920,
95958,
13866,
10574,
76130,
272368,
6626,
486504,
1085449,
1618195,
5372099,
2672,
926583,
8,
5,
2,
1,
0,
0,
0,
1,
2,
0,
0,
4,
6,
11,
0,
1,
115,
119,
0,
53,
148,
250,
119,
0,
159,
0,
0,
128,
4447859,
706634,
482760,
35054,
318506,
4387,
2299,
266379,
816566,
519,
1110057,
2216812,
2840766,
6246146,
0,
189685,
911696,
276063,
168620,
32207,
87801,
3642,
1468,
65205,
184318,
160,
246036,
444798,
589402,
1362584,
0,
173252,
0,
0,
0,
0,
0,
0,
0,
0,
0,
0,
0,
0,
0,
0,
0,
10,
183,
105,
0,
91,
197,
288,
16,
0,
272,
0,
0,
16,
1494162,
113041,
92356,
4033,
67375,
423,
229,
58983,
203222,
79,
324768,
730319,
1011363,
2537146,
3,
130427,
713257,
69679,
52835,
12530,
34508,
4644,
3314,
26394,
89167,
1746,
159386,
355974,
558707,
2100653,
236,
483605,
11,
4,
1,
1,
3,
0,
0,
1,
2,
0,
2,
3,
9,
18,
0,
1,
227,
207,
0,
95,
286,
435,
247,
0,
230,
0,
0,
250,
1321703,
90616,
67623,
2087,
49917,
27,
8,
45723,
167788,
0,
279745,
644929,
941031,
2489113,
0,
168219,
713924,
76516,
55597,
14360,
36141,
5088,
3420,
26094,
79198,
1479,
142129,
360621,
585069,
2178602,
196,
440958,
11,
5,
2,
1,
2,
0,
0,
2,
3,
0,
4,
3,
12,
18,
0,
2,
235,
197,
0,
104,
227,
392,
242,
0,
224,
0,
0,
256,
1.27057e+06,
94760,
68777,
1608,
51689,
14,
5,
47311,
172662,
0,
283456,
641700,
922136,
2494143,
0,
161496,
711041,
56134,
41931,
12229,
27076,
4853,
3310,
22042,
79432,
1633,
136363,
346740,
574853,
2214458,
365,
424021,
15,
5,
2,
1,
0,
0,
0,
4,
4,
0,
2,
5,
10,
19,
0,
1,
264,
198,
0,
105,
256,
418,
215,
0,
248,
0,
0,
232,
1177984,
76781,
61107,
2105,
46309,
37,
11,
42078,
152192,
0,
257692,
580300,
864677,
2440551,
0,
206647,
747363,
77879,
56528,
18725,
35991,
8063,
6183,
27807,
87013,
3755,
150451,
374743,
595509,
2239256,
996,
380508,
14,
7,
5,
1,
2,
0,
0,
0,
2,
0,
5,
8,
8,
18,
0,
2,
268,
200,
0,
93,
251,
393,
221,
0,
236,
0,
0,
244,
1.05517e+06,
51073,
43352,
1898,
34393,
84,
30,
32658,
123771,
0,
219211,
536331,
822987,
2500979,
0,
178777,
646156,
37237,
25954,
7490,
17385,
3322,
2438,
14344,
52886,
1325,
118190,
326248,
566823,
2247526,
243,
399165,
13,
5,
2,
0,
0,
0,
0,
0,
4,
0,
4,
12,
7,
20,
0,
0,
324,
146,
0,
115,
310,
457,
196,
0,
278,
0,
0,
202,
969456,
43570,
34186,
1057,
27067,
23,
6,
25746,
99283,
0,
180734,
487519,
787717,
2486162,
0,
195914,
716659,
25636,
18910,
1979,
13274,
295,
168,
12626,
51686,
46,
129596,
353539,
611107,
2325799,
1,
320319,
11,
0,
1,
0,
0,
0,
0,
0,
2,
0,
2,
13,
4,
20,
0,
0,
258,
215,
0,
136,
343,
478,
63,
0,
417,
0,
0,
63,
817352,
100031,
64839,
8936,
36619,
662,
267,
30864,
105138,
17,
170704,
415165,
652200,
2376628,
0,
306102,
472699,
140998,
77125,
14981,
42417,
3159,
1622,
31981,
98012,
360,
132268,
238118,
290827,
632409,
7,
42155,
0,
0,
0,
0,
0,
0,
0,
0,
0,
0,
0,
0,
0,
0,
0,
6,
325,
155,
0,
149,
331,
480,
6,
0,
474,
0,
0,
6,
542305,
30534,
22847,
787,
17666,
34,
2,
16386,
63669,
0,
113125,
268480,
410614,
1265483,
0,
110367,
338496,
31345,
24015,
5759,
14806,
1873,
1157,
10668,
35984,
406,
55384,
202871,
364320,
1249356,
26,
110539,
32,
12,
9,
0,
2,
0,
0,
1,
5,
0,
12,
20,
19,
39,
0,
1,
282,
490,
0,
152,
572,
842,
403,
0,
533,
0,
3,
424,
515103,
24472,
19416,
360,
15617,
6,
1,
14781,
57690,
0,
104787,
256570,
403631,
1270515,
0,
105637,
370622,
25303,
19145,
4784,
12766,
1754,
1196,
8419,
28247,
548,
52986,
222126,
392442,
1269597,
73,
99190,
32,
11,
5,
1,
4,
0,
0,
3,
3,
0,
8,
12,
20,
38,
0,
2,
339,
495,
0,
185,
599,
852,
369,
0,
567,
0,
0,
393,
526474,
23290,
18644,
468,
14949,
6,
2,
14610,
56885,
0,
105328,
259196,
407907,
1259205,
0,
112719,
336475,
24029,
18987,
4443,
11316,
1844,
1364,
9011,
27795,
821,
45185,
219777,
384500,
1287726,
168,
82090,
28,
8,
9,
2,
4,
1,
1,
2,
2,
0,
9,
21,
15,
39,
0,
1,
295,
485,
0,
162,
530,
795,
407,
0,
500,
0,
0,
452,
540094,
18277,
15980,
308,
13661,
6,
1,
13443,
55919,
0,
109181,
268623,
417445,
1279968,
0,
98009,
388819,
18564,
14917,
4062,
9001,
1717,
1210,
6411,
23213,
611,
46880,
254035,
413833,
1296423,
90,
77115,
26,
9,
3,
0,
0,
0,
0,
2,
4,
0,
5,
22,
17,
40,
0,
0,
344,
542,
0,
239,
595,
900,
362,
0,
591,
0,
3,
366,
527780,
16594,
14109,
91,
13023,
0,
0,
13042,
52770,
0,
101563,
259295,
412635,
1272411,
0,
95479,
353395,
23908,
17050,
4307,
10517,
1259,
853,
8216,
24713,
410,
45409,
273459,
386145,
1305127,
48,
68938,
31,
11,
3,
0,
3,
0,
0,
2,
8,
0,
8,
16,
17,
40,
0,
0,
392,
431,
0,
213,
558,
871,
339,
0,
595,
0,
2,
362,
548656,
16816,
15085,
153,
13532,
0,
0,
13595,
56649,
0,
109206,
269779,
424384,
1.2961e+06,
0,
86043,
442619,
15630,
11024,
2408,
7025,
603,
292,
5355,
22651,
99,
55434,
270831,
434146,
1304081,
18,
71343,
16,
3,
2,
1,
2,
0,
0,
0,
0,
0,
2,
28,
10,
40,
0,
0,
449,
498,
0,
354,
583,
953,
171,
0,
787,
0,
0,
173,
549306,
16320,
14403,
121,
13026,
0,
0,
13028,
54742,
0,
108908,
269913,
424566,
1294872,
0,
87351,
408202,
15736,
10677,
2547,
7342,
930,
627,
6131,
22572,
257,
46534,
266055,
414934,
1309351,
12,
65167,
22,
3,
6,
1,
1,
0,
0,
1,
1,
0,
7,
25,
9,
40,
0,
0,
387,
549,
0,
276,
596,
931,
329,
0,
628,
0,
0,
332,
556231,
13292,
12787,
88,
12211,
0,
0,
12350,
53616,
0,
106646,
272585,
434210,
1308309,
0,
74303,
461040,
9252,
6799,
685,
5233,
163,
112,
4848,
22198,
44,
54140,
285098,
450238,
1327167,
2,
50313,
5,
2,
1,
0,
0,
0,
0,
0,
1,
0,
0,
37,
3,
40,
0,
0,
499,
456,
0,
382,
571,
957,
100,
0,
860,
0,
0,
100,
544335,
10749,
10888,
91,
10580,
4,
1,
10921,
49029,
0,
102685,
269474,
432511,
1314226,
0,
69334,
445183,
10342,
7281,
737,
5138,
190,
128,
4690,
19790,
69,
47803,
273743,
436806,
1.33763e+06,
21,
43839,
10,
1,
0,
0,
0,
0,
0,
0,
2,
0,
2,
34,
5,
40,
0,
0,
425,
529,
0,
474,
482,
956,
49,
0,
911,
0,
0,
49,
683131,
89750,
58028,
7936,
32643,
431,
161,
26768,
87582,
5,
139497,
339593,
478811,
1259301,
0,
97100,
428187,
47134,
32164,
6748,
19077,
1855,
1266,
15734,
56671,
656,
99107,
234275,
375683,
1156205,
130,
179817,
25,
7,
2,
1,
3,
0,
0,
0,
3,
0,
6,
10,
22,
35,
0,
4,
760,
596,
0,
297,
465,
867,
520,
0,
434,
0,
0,
526,
708944,
40369,
30468,
1130,
23115,
35,
4,
21918,
83595,
0,
149894,
355997,
552877,
1763604,
0,
161557,
458839,
41975,
33186,
12150,
19743,
5011,
3549,
14328,
44355,
1716,
75661,
251364,
445731,
1713367,
220,
196972,
35,
13,
12,
5,
7,
2,
0,
2,
8,
0,
9,
21,
23,
51,
0,
5,
458,
507,
2,
256,
595,
1048,
607,
0,
602,
0,
3,
713,
714225,
34743,
26428,
594,
20956,
3,
0,
19877,
78009,
0,
142922,
355332,
564295,
1.78224e+06,
0,
146879,
455945,
23593,
18305,
5997,
11670,
2314,
1541,
8797,
29530,
728,
58670,
258361,
468534,
1752615,
138,
167331,
31,
13,
8,
4,
5,
0,
0,
0,
1,
0,
10,
27,
15,
56,
0,
0,
504,
619,
0,
276,
683,
1150,
645,
0,
658,
0,
0,
685,
665718,
22496,
19137,
333,
16401,
0,
0,
15790,
64811,
0,
126954,
334592,
544344,
1.7784e+06,
0,
151860,
515943,
21995,
16541,
4980,
10811,
1934,
1226,
8312,
29403,
438,
62408,
295727,
533382,
1797796,
11,
128195,
31,
12,
6,
2,
3,
0,
0,
3,
5,
0,
7,
27,
22,
56,
0,
0,
482,
650,
0,
273,
753,
1214,
611,
0,
717,
0,
1,
626,
599092,
14495,
12659,
166,
11411,
0,
0,
11480,
49451,
0,
103546,
299537,
507328,
1755949,
0,
173392,
570913,
16795,
12436,
2874,
8507,
1074,
707,
7091,
28288,
275,
68054,
321668,
566769,
1825011,
20,
104180,
17,
4,
2,
1,
1,
0,
0,
0,
6,
0,
2,
38,
16,
56,
0,
0,
506,
817,
0,
314,
968,
1314,
458,
0,
886,
0,
0,
458,
577907,
9754,
9477,
79,
8768,
0,
0,
9020,
41901,
0,
94829,
289972,
503799,
1759213,
0,
170556,
579142,
13808,
10582,
1338,
7536,
243,
110,
7024,
28555,
23,
69352,
327298,
579201,
1843528,
1,
90370,
18,
3,
1,
0,
0,
0,
0,
0,
3,
0,
2,
43,
10,
56,
0,
0,
501,
834,
0,
406,
918,
1335,
358,
0,
986,
0,
0,
358,
581312,
10422,
9701,
98,
8824,
0,
0,
9092,
40761,
0,
93064,
291336,
502932,
1757898,
0,
171151,
578227,
17252,
13461,
3465,
9044,
1227,
820,
7629,
30700,
343,
67634,
324925,
573368,
1846314,
16,
86680,
35,
6,
3,
0,
2,
0,
0,
0,
4,
0,
10,
33,
18,
56,
0,
0,
633,
682,
0,
293,
966,
1305,
477,
0,
867,
0,
0,
477,
563258,
9571,
9336,
107,
8219,
0,
0,
8460,
38963,
0,
90077,
284350,
497113,
1765261,
0,
165138,
577969,
17481,
13972,
2658,
9833,
966,
680,
8556,
34184,
310,
74222,
331705,
571858,
1850017,
21,
81576,
32,
2,
2,
0,
0,
0,
0,
3,
2,
0,
5,
33,
12,
56,
0,
0,
500,
823,
0,
425,
894,
1330,
371,
0,
973,
0,
0,
371,
582361,
8543,
8379,
72,
8221,
1,
0,
8672,
40357,
0,
93084,
292938,
508621,
1775378,
0,
156479,
570155,
17323,
12814,
1239,
9164,
179,
82,
8480,
35181,
27,
76528,
345413,
593047,
1858986,
1,
76206,
10,
0,
1,
0,
1,
0,
0,
1,
1,
0,
1,
46,
6,
56,
0,
0,
624,
716,
0,
584,
757,
1344,
133,
0,
1211,
0,
0,
133,
605493,
9953,
9343,
58,
8987,
0,
0,
9402,
42830,
0,
98887,
302797,
520789,
1788448,
0,
145661,
571062,
17516,
13009,
1603,
9559,
720,
648,
9058,
36139,
491,
76783,
346392,
584756,
1855068,
69,
78544,
16,
2,
1,
1,
1,
0,
0,
0,
2,
0,
3,
41,
9,
56,
0,
0,
473,
873,
0,
378,
936,
1326,
416,
0,
926,
0,
0,
418,
405482,
36469,
21895,
2625,
14054,
259,
101,
12489,
46759,
10,
81989,
204050,
321436,
1.50807e+06,
0,
399985,
188607,
17944,
13104,
3462,
7964,
834,
504,
6987,
22980,
129,
34564,
98212,
158303,
445127,
4,
31156,
35,
7,
4,
0,
0,
0,
0,
6,
6,
0,
10,
18,
17,
53,
0,
2,
1165,
1028,
0,
372,
747,
1196,
682,
0,
650,
0,
0,
693,
229560,
11312,
8148,
637,
5720,
40,
15,
5256,
20627,
2,
40054,
117242,
201935,
736003,
0,
86317,
177439,
18070,
13412,
4629,
7338,
1409,
818,
5189,
16636,
291,
29230,
98438,
174726,
732824,
15,
85527,
66,
20,
13,
4,
2,
0,
0,
3,
11,
0,
17,
27,
39,
89,
0,
7,
495,
831,
0,
361,
983,
1800,
1091,
0,
1087,
0,
12,
1201,
220236,
8592,
6509,
313,
4875,
26,
5,
4651,
18301,
0,
36750,
115008,
200308,
738279,
0,
83763,
170590,
13860,
10517,
3764,
6349,
1605,
1155,
4619,
13741,
571,
24430,
99116,
184030,
747342,
154,
75556,
57,
23,
11,
5,
9,
3,
2,
5,
10,
0,
15,
29,
35,
84,
0,
9,
661,
852,
4,
401,
1009,
1704,
1000,
0,
1042,
0,
5,
1216,
230892,
7260,
5872,
187,
4677,
4,
3,
4533,
18404,
0,
37900,
119219,
210583,
749787,
0,
75048,
179375,
10349,
7565,
2492,
4634,
859,
549,
3493,
11271,
190,
21490,
106595,
200058,
761280,
0,
63861,
68,
18,
9,
3,
3,
0,
0,
2,
7,
0,
22,
35,
45,
95,
0,
1,
518,
1068,
0,
391,
1247,
1966,
1074,
0,
1173,
0,
7,
1124,
256408,
6248,
5259,
192,
4442,
12,
5,
4371,
18071,
4,
40416,
129685,
227517,
764095,
0,
61645,
199639,
10057,
7393,
2753,
4751,
1160,
855,
3852,
12269,
442,
22897,
116896,
214943,
779041,
61,
47760,
59,
20,
15,
6,
8,
1,
2,
2,
12,
0,
14,
32,
42,
96,
0,
0,
536,
870,
0,
415,
1031,
1876,
1139,
0,
1064,
0,
6,
1227,
219948,
4491,
3780,
128,
3276,
4,
0,
3185,
14006,
0,
32774,
113664,
202438,
742881,
0,
79839,
201127,
10565,
8206,
2674,
5203,
1154,
833,
4016,
12575,
436,
24560,
115715,
211606,
791837,
93,
36896,
64,
23,
6,
4,
8,
2,
0,
1,
16,
0,
13,
35,
39,
90,
0,
6,
562,
1000,
0,
417,
1127,
1908,
1108,
0,
1082,
0,
7,
1207,
230885,
3810,
3177,
49,
2925,
0,
0,
2976,
13775,
0,
33105,
117403,
210440,
750262,
0,
73823,
213834,
9000,
6762,
2345,
4256,
971,
682,
3191,
11269,
312,
26054,
123572,
227039,
797935,
16,
31331,
50,
18,
14,
5,
6,
0,
0,
1,
5,
0,
14,
45,
34,
95,
0,
1,
671,
1062,
0,
415,
1236,
1996,
1031,
0,
1199,
0,
3,
1094,
225298,
3116,
2905,
36,
2584,
4,
1,
2652,
12953,
0,
31880,
114756,
207049,
742392,
0,
80242,
205971,
8550,
6550,
2216,
4416,
1075,
859,
3460,
12035,
506,
24388,
120329,
218632,
804189,
60,
25754,
56,
18,
12,
3,
7,
1,
1,
0,
10,
0,
14,
42,
40,
95,
0,
1,
596,
1101,
0,
450,
1272,
2007,
1027,
0,
1210,
0,
2,
1089,
257680,
4060,
3700,
45,
3235,
3,
0,
3315,
14984,
0,
37164,
128877,
229235,
760942,
0,
63922,
207033,
7559,
5448,
1273,
3447,
412,
273,
2825,
10431,
115,
21910,
126929,
235391,
807576,
4,
22333,
62,
14,
10,
0,
3,
0,
0,
2,
7,
0,
17,
50,
37,
96,
0,
0,
678,
1173,
0,
434,
1390,
2108,
1007,
0,
1288,
0,
3,
1013,
223466,
2779,
2490,
52,
2195,
5,
1,
2325,
11264,
0,
29608,
112374,
205866,
742223,
0,
80537,
232862,
7413,
5639,
1363,
3824,
599,
501,
3720,
13534,
327,
27766,
135371,
241557,
808012,
134,
21920,
38,
9,
9,
2,
0,
0,
0,
4,
2,
0,
9,
51,
32,
96,
0,
0,
691,
1388,
0,
496,
1487,
2182,
1001,
0,
1295,
0,
0,
1008,
220134,
2752,
2391,
21,
2213,
0,
0,
2299,
11041,
0,
28517,
112431,
205358,
744599,
0,
78267,
206231,
8049,
6142,
1631,
4105,
603,
423,
3295,
11723,
172,
23984,
121776,
219233,
808601,
23,
21923,
54,
13,
2,
0,
2,
0,
0,
0,
7,
0,
10,
45,
35,
96,
0,
0,
736,
1348,
0,
462,
1614,
2200,
907,
0,
1396,
0,
1,
907,
215467,
3112,
2757,
19,
2351,
0,
0,
2391,
11136,
0,
27954,
110872,
202640,
743306,
0,
79689,
198022,
9853,
7294,
2133,
4446,
845,
630,
3653,
12510,
352,
24390,
115542,
208487,
806512,
85,
24110,
55,
16,
6,
4,
4,
0,
0,
4,
14,
0,
10,
47,
39,
92,
0,
4,
756,
1048,
0,
407,
1356,
2060,
1075,
0,
1177,
0,
3,
1120,
209566,
3356,
2815,
32,
2508,
0,
0,
2508,
10943,
0,
27162,
109418,
201121,
747022,
0,
77270,
200172,
10163,
7711,
2211,
5022,
788,
525,
3953,
13500,
226,
25354,
115519,
209616,
798092,
42,
31967,
60,
15,
4,
0,
1,
0,
0,
3,
16,
0,
8,
55,
29,
96,
0,
0,
747,
1086,
0,
456,
1499,
2152,
916,
0,
1375,
0,
2,
927,
145719,
3701,
3464,
125,
3086,
4,
1,
3254,
14682,
0,
32985,
69801,
114152,
642401,
0,
172028,
137006,
21828,
15627,
6048,
8382,
2057,
1302,
5486,
17300,
524,
28773,
74029,
131987,
678853,
49,
131301,
35,
10,
7,
4,
6,
2,
0,
4,
4,
0,
9,
14,
29,
76,
0,
15,
695,
828,
24,
456,
865,
1774,
1194,
0,
991,
0,
6,
1276,
377698,
9973,
6907,
359,
4887,
5,
2,
4528,
18012,
0,
39877,
206887,
350163,
1269016,
0,
98860,
289818,
22596,
17599,
8544,
10617,
4115,
3040,
6954,
18748,
1599,
31399,
192512,
330160,
1352477,
349,
30184,
93,
30,
15,
2,
9,
0,
0,
2,
20,
0,
22,
54,
54,
147,
0,
12,
1231,
625,
1,
499,
1307,
2288,
1396,
0,
1616,
0,
23,
2077,
414736,
8418,
6026,
223,
4598,
22,
4,
4220,
17036,
0,
40981,
216151,
365201,
1275951,
0,
92447,
289364,
18327,
14252,
6656,
8580,
3158,
2342,
5745,
16301,
1230,
30197,
211387,
350666,
1.34555e+06,
328,
38372,
88,
20,
12,
1,
11,
0,
0,
4,
19,
0,
15,
46,
61,
153,
0,
7,
1247,
797,
0,
363,
1847,
2841,
1389,
0,
2150,
0,
21,
1661,
404868,
8171,
5764,
172,
4442,
2,
0,
4189,
17748,
0,
38945,
212645,
359398,
1274591,
0,
97361,
296351,
13123,
10764,
5210,
7101,
2727,
2057,
5054,
14529,
1249,
27230,
242127,
371160,
1295853,
422,
88208,
79,
15,
10,
0,
5,
0,
0,
3,
13,
0,
22,
36,
52,
145,
0,
15,
647,
1669,
1,
969,
1775,
3409,
1525,
0,
2271,
0,
3,
1564,
105622,
16442,
10716,
2350,
5126,
135,
34,
3870,
13059,
4,
20280,
63979,
137671,
753311,
0,
12780]

print(np.sum(a))
