import numpy as np
a = [[-1.30994546],[6.20758295],[1.152e+07],
[-0.472406328],[4.05334759],[1.152e+07],
[0.339716464],[2.00052738],[32],
[1.57714188],[1.10551417],[128],
[-0.179869577],[4.16406107],[5.76e+06],
[0.50803566],[1.17170095],[16],
[0.384419024],[0.644474149],[64],
[-0.360379815],[3.44598365],[5.76e+06],
[0.759339035],[1.19229889],[16],
[-0.10258019],[0.625982761],[64],
[0.33527723],[2.59854126],[5.76e+06],
[0.501166642],[0.626187682],[16],
[-0.0651707277],[0.279549241],[64],
[0.376258224],[2.47048378],[3.456e+07],
[0.455904037],[3.56907034],[8.64e+06],
[1.94788289],[5.01453543],[16],
[2.12568259],[1.63044441],[384],
[-0.119952507],[1.76154149],[1.296e+07],
[-0.186901599],[1.86813569],[1.296e+07],
[1.56821072],[2.04557848],[24],
[-0.203273535],[0.961332262],[576],
[-0.299957395],[1.77666557],[1.296e+07],
[-0.413337231],[1.7383033],[1.296e+07],
[1.95848691],[1.41019154],[24],
[-0.363052487],[1.15154433],[576],
[-0.446354389],[1.56649113],[1.296e+07],
[-0.431348562],[1.65913606],[1.296e+07],
[1.62320411],[1.27465689],[24],
[-0.174751356],[1.02744114],[576],
[-0.435943276],[1.71650887],[1.296e+07],
[-0.489087433],[1.79038656],[1.296e+07],
[2.09972024],[2.55907679],[24],
[-0.341582805],[1.90981841],[576],
[-0.244246453],[1.70091856],[1.296e+07],
[-0.610043466],[2.06955147],[1.296e+07],
[2.16048837],[1.80568683],[24],
[-0.50164187],[1.53067541],[576],
[-0.0257829521],[1.52837217],[1.296e+07],
[-0.618056893],[2.03034282],[1.296e+07],
[1.37583745],[2.05547047],[24],
[-0.603233933],[1.27923453],[576],
[0.721789122],[1.62355971],[1.296e+07],
[0.265953],[2.64632869],[3.24e+06],
[-3.75551796],[0.925195038],[24],
[0.00818855409],[0.0769698471],[576],
[0.104275212],[1.53357983],[5.4e+06],
[-0.953633606],[2.0500133],[5.4e+06],
[0.385714471],[2.5241971],[40],
[-0.259952813],[0.974294424],[960],
[-0.106784031],[1.54936445],[5.4e+06],
[-0.830272853],[1.88559783],[5.4e+06],
[0.960170925],[2.16557193],[40],
[-0.415851384],[1.28521609],[960],
[-0.152737901],[1.56922448],[5.4e+06],
[-0.805530548],[1.84272707],[5.4e+06],
[1.27568352],[2.11984181],[40],
[-0.363594651],[1.3172847],[960],
[-0.314612538],[1.60201204],[5.4e+06],
[-0.746400714],[1.92024994],[5.4e+06],
[1.37639451],[2.05819511],[40],
[-0.333626449],[1.34895039],[960],
[-0.329106361],[1.36522007],[5.4e+06],
[-0.873036385],[1.55104125],[5.4e+06],
[1.0258162],[1.0836395],[40],
[-0.00978529081],[0.679641902],[960],
[-0.404552072],[1.33246934],[5.4e+06],
[-0.773668587],[1.45788074],[5.4e+06],
[0.514603317],[0.898836434],[40],
[-0.0554269329],[0.316693127],[960],
[-0.53372407],[1.58345079],[5.4e+06],
[0.81612277],[2.47665524],[1.38624e+06],
[-4.90425205],[1.48801923],[40],
[0.00800334383],[0.0468967445],[960],
[-0.356473297],[1.44351411],[2.77248e+06],
[-0.578125119],[1.5862478],[2.77248e+06],
[1.40372598],[2.20240688],[80],
[-0.704925],[1.32180333],[1920],
[-0.367806703],[1.36689377],[2.77248e+06],
[-0.508853734],[1.46923769],[2.77248e+06],
[1.29779124],[2.36972666],[80],
[-0.48781845],[1.23661625],[1920],
[-0.413667232],[1.39650178],[2.77248e+06],
[-0.506742537],[1.37721205],[2.77248e+06],
[1.45067525],[2.20500088],[80],
[-0.711115062],[1.44481659],[1920],
[-0.349784672],[1.2997247],[2.77248e+06],
[-0.418286741],[1.31774366],[2.77248e+06],
[1.05245948],[1.56993651],[80],
[-0.30377543],[0.982713223],[1920],
[-0.403982431],[1.38994849],[2.77248e+06],
[-0.407077909],[1.36069715],[2.77248e+06],
[1.28209209],[1.9200964],[80],
[-0.486643702],[1.27001476],[1920],
[-0.31733036],[1.24590743],[2.77248e+06],
[-0.369207621],[1.18814158],[2.77248e+06],
[0.530539155],[1.15963769],[80],
[-0.0521964692],[0.419551],[1920],
[-0.334765822],[1.236292],[2.77248e+06],
[-0.382576019],[1.1818341],[2.77248e+06],
[0.743655324],[1.17388678],[80],
[-0.119114369],[0.578318894],[1920],
[-0.313477278],[1.19235814],[2.77248e+06],
[-0.313148439],[1.03449798],[2.77248e+06],
[0.162129968],[0.55359441],[80],
[-0.00036984944],[0.168080553],[1920],
[-0.316904873],[1.14666557],[2.77248e+06],
[-0.30112958],[0.998679817],[2.77248e+06],
[0.258029044],[0.644473672],[80],
[-0.0216248203],[0.205215111],[1920],
[-0.0001120776],[1.78573918],[2.77248e+06],
[-0.623199105],[1.95752704],[2.77248e+06],
[0.418061256],[1.91855419],[80],
[0.468682647],[1.10330415],[1920],
[-0.419330537],[1.40962291],[3881472],
[-0.666900098],[1.56016469],[3881472],
[1.13929617],[2.19866323],[112],
[-0.746883869],[1.41401637],[2688],
[-0.363769799],[1.34465015],[3881472],
[-0.645273328],[1.35174584],[3881472],
[1.06371987],[1.59724331],[112],
[-0.428872883],[1.13478327],[2688],
[-0.448046148],[1.28760672],[3881472],
[-0.504819393],[1.25144506],[3881472],
[0.838892519],[1.41681612],[112],
[-0.367730349],[0.842627704],[2688],
[-0.596493959],[1.27073538],[3881472],
[-0.425783396],[1.20244145],[3881472],
[0.545655072],[1.44563699],[112],
[-0.11476367],[0.645644724],[2688],
[-0.618814826],[1.23377824],[3881472],
[-0.392181903],[1.08517981],[3881472],
[0.348402083],[0.958828568],[112],
[-0.0706310049],[0.345532924],[2688],
[-0.620658338],[1.237836],[3881472],
[-0.374221295],[1.14826596],[3881472],
[0.787742078],[1.16992402],[112],
[-0.0929069668],[0.647559226],[2688],
[-0.642336309],[1.22613466],[3881472],
[-0.37651],[1.15139484],[3881472],
[0.480774015],[0.961198092],[112],
[-0.0834662542],[0.368259311],[2688],
[-0.632948101],[1.20604765],[3881472],
[-0.348197401],[1.0453496],[3881472],
[0.165274248],[0.507912159],[112],
[-0.0125898393],[0.12827383],[2688],
[-0.595887661],[1.20161748],[3881472],
[-0.355811328],[1.08179355],[3881472],
[0.353210717],[1.13939536],[112],
[-0.101798117],[0.398210198],[2688],
[-1.08554339],[1.55776334],[3881472],
[-0.129013404],[1.64129007],[970368],
[0.552533209],[1.66461432],[112],
[0.716499448],[1.02610683],[2688],
[-0.639827192],[1.3303045],[1663488],
[-0.761875],[1.5222342],[1663488],
[0.817572117],[2.20900083],[192],
[-1.13814902],[1.44802594],[4608],
[-0.630384862],[1.29718804],[1663488],
[-0.706619561],[1.40275991],[1663488],
[0.750940382],[2.00679517],[192],
[-0.903423965],[1.24352956],[4608],
[-0.543043315],[1.23244762],[1663488],
[-0.641012],[1.32454836],[1663488],
[0.91653347],[1.569556],[192],
[-0.790626645],[1.06787658],[4608],
[-0.462018073],[1.18001103],[1663488],
[-0.54131645],[1.25291348],[1663488],
[1.2103709],[1.66195464],[192],
[-1.00775588],[1.22503591],[4608],
[-0.625306],[1.18457365],[1663488],
[-0.508439243],[1.21383226],[1663488],
[0.910336792],[1.50138152],[192],
[-0.705005884],[1.00762892],[4608],
[-0.608162761],[1.1561476],[1663488],
[-0.441669285],[1.12493837],[1663488],
[0.758364677],[1.23174918],[192],
[-0.424662203],[0.781588733],[4608],
[-0.651483655],[1.16898251],[1663488],
[-0.432823271],[1.15593791],[1663488],
[0.856660843],[1.22109497],[192],
[-0.528523386],[0.82788372],[4608],
[-0.531768739],[1.15393126],[1663488],
[-0.390555203],[1.06252015],[1663488],
[0.929662228],[1.30530441],[192],
[-0.561017692],[1.01480567],[4608],
[-0.715939045],[1.16479516],[1663488],
[-0.359641582],[1.03241789],[1663488],
[0.472450346],[0.933281183],[192],
[-0.176082924],[0.484459966],[4608],
[-0.711421847],[1.15194309],[1663488],
[-0.420126617],[1.03386712],[1663488],
[0.622469246],[0.917215765],[192],
[-0.234538585],[0.598931074],[4608],
[-0.694799423],[1.15209317],[1663488],
[-0.436913848],[1.11605263],[1663488],
[0.755297],[1.30414045],[192],
[-0.458109856],[0.847575068],[4608],
[-0.694755673],[1.14154279],[1663488],
[-0.461804],[1.16249049],[1663488],
[0.805791616],[1.22452855],[192],
[-0.417773694],[0.792250514],[4608],
[-1.13001406],[1.32578862],[1663488],
[-0.897320807],[1.81849658],[1663488],
[-0.610721409],[2.52057219],[192],
[-0.612042248],[1.34033954],[4608],
[-0.591793776],[1.17323899],[2.77248e+06],
[-0.454221219],[1.48499978],[2.77248e+06],
[0.320766717],[2.52185035],[320],
[-1.87912345],[2.1860764],[7680],
[-0.574249744],[1.14010501],[2.77248e+06],
[-0.478568286],[1.35267794],[2.77248e+06],
[0.318485677],[2.08863735],[320],
[-1.29998243],[1.64828718],[7680],
[-0.549535],[1.08881819],[2.77248e+06],
[-0.547116041],[1.2609967],[2.77248e+06],
[0.071553424],[1.81526065],[320],
[-0.921317279],[1.18036044],[7680],
[-1.27198231],[1.54495299],[1.84832e+06],
[-1.25567722],[6.61735249],[1.152e+07],
[-0.361004621],[4.10586119],[1.152e+07],
[0.187978104],[1.9779712],[32],
[1.45832944],[1.0535624],[128],
[-0.0503853895],[4.1888895],[5.76e+06],
[0.390892148],[1.18576491],[16],
[0.313751549],[0.605755627],[64],
[-0.405007035],[3.68845963],[5.76e+06],
[0.639225781],[1.07166195],[16],
[-0.158865035],[0.49352473],[64],
[0.241811931],[2.85518765],[5.76e+06],
[0.53248],[0.945929289],[16],
[-0.143574491],[0.3823286],[64],
[0.375627458],[2.58408189],[3.456e+07],
[0.482468069],[3.70451593],[8.64e+06],
[1.93198085],[5.65932035],[16],
[2.02846742],[1.76485705],[384],
[-0.15555279],[1.82643092],[1.296e+07],
[-0.23532398],[1.8764509],[1.296e+07],
[1.2937851],[2.00868392],[24],
[-0.207921445],[0.813794255],[576],
[-0.335728556],[1.8101244],[1.296e+07],
[-0.363384515],[1.79020977],[1.296e+07],
[1.83992708],[1.98120403],[24],
[-0.38239786],[1.19090128],[576],
[-0.470713198],[1.61086929],[1.296e+07],
[-0.451546758],[1.69895506],[1.296e+07],
[1.67210877],[1.55885971],[24],
[-0.184160486],[1.09494042],[576],
[-0.503218055],[1.81045949],[1.296e+07],
[-0.464929551],[1.75734365],[1.296e+07],
[2.16078496],[2.76868367],[24],
[-0.364212245],[1.98500299],[576],
[-0.292512715],[1.77839899],[1.296e+07],
[-0.616458476],[2.00992703],[1.296e+07],
[2.13722444],[1.97064793],[24],
[-0.477892876],[1.526878],[576],
[-0.0594905],[1.58968461],[1.296e+07],
[-0.618693113],[2.00957],[1.296e+07],
[1.30291331],[2.39157867],[24],
[-0.599490762],[1.34834445],[576],
[0.71468395],[1.63542187],[1.296e+07],
[0.25473085],[2.68792462],[3.24e+06],
[-3.38855171],[1.01993585],[24],
[0.0148736937],[0.0821786448],[576],
[0.089180477],[1.58723855],[5.4e+06],
[-0.97350359],[2.02871561],[5.4e+06],
[0.403537452],[2.43424892],[40],
[-0.262466908],[1.01510119],[960],
[-0.118906178],[1.60596621],[5.4e+06],
[-0.835413396],[1.89113092],[5.4e+06],
[0.924259543],[2.32517791],[40],
[-0.437692702],[1.34086275],[960],
[-0.19256483],[1.61792445],[5.4e+06],
[-0.821317852],[1.79685855],[5.4e+06],
[1.11617315],[2.24904108],[40],
[-0.364857793],[1.32517564],[960],
[-0.358277917],[1.66554809],[5.4e+06],
[-0.741281748],[1.91296089],[5.4e+06],
[1.34552038],[2.11619353],[40],
[-0.337835133],[1.3860054],[960],
[-0.382256299],[1.42357635],[5.4e+06],
[-0.860458314],[1.64177346],[5.4e+06],
[1.05910885],[1.36662245],[40],
[-0.0180051811],[0.758418262],[960],
[-0.466231436],[1.3813113],[5.4e+06],
[-0.772687435],[1.46177304],[5.4e+06],
[0.357511938],[0.603258431],[40],
[-0.0449685492],[0.186988935],[960],
[-0.56972456],[1.61459064],[5.4e+06],
[0.882109523],[2.52029443],[1.38624e+06],
[-4.83051205],[1.41580224],[40],
[0.0111789899],[0.0474418923],[960],
[-0.376114368],[1.45017457],[2.77248e+06],
[-0.609947],[1.52525318],[2.77248e+06],
[1.45345914],[1.79752731],[80],
[-0.614002347],[1.18049884],[1920],
[-0.399502248],[1.39648402],[2.77248e+06],
[-0.498123],[1.47479761],[2.77248e+06],
[1.1790545],[2.39746094],[80],
[-0.481051296],[1.19924152],[1920],
[-0.428225815],[1.43953466],[2.77248e+06],
[-0.516229153],[1.39629352],[2.77248e+06],
[1.28594744],[1.93403745],[80],
[-0.59031868],[1.21568072],[1920],
[-0.379476488],[1.32346475],[2.77248e+06],
[-0.406900406],[1.38224566],[2.77248e+06],
[1.04724693],[1.88923788],[80],
[-0.328738749],[1.05901206],[1920],
[-0.413394511],[1.41969061],[2.77248e+06],
[-0.403341562],[1.33931625],[2.77248e+06],
[1.22216487],[1.77880764],[80],
[-0.43867451],[1.15400958],[1920],
[-0.337376595],[1.2604214],[2.77248e+06],
[-0.355967939],[1.20745742],[2.77248e+06],
[0.601810753],[1.22909451],[80],
[-0.0399983749],[0.465549141],[1920],
[-0.342237264],[1.25581801],[2.77248e+06],
[-0.381867915],[1.19515824],[2.77248e+06],
[0.734257877],[1.22342134],[80],
[-0.114392884],[0.606163144],[1920],
[-0.30984503],[1.20720911],[2.77248e+06],
[-0.327276975],[1.06443143],[2.77248e+06],
[0.184194595],[0.649720848],[80],
[-0.00158115872],[0.202367529],[1920],
[-0.311090291],[1.1675626],[2.77248e+06],
[-0.305736691],[1.00999773],[2.77248e+06],
[0.225562498],[0.547504723],[80],
[-0.0151880924],[0.162390143],[1920],
[-0.0274357162],[1.8362627],[2.77248e+06],
[-0.63001281],[1.97249532],[2.77248e+06],
[0.433244795],[2.11915064],[80],
[0.481105715],[1.18202448],[1920],
[-0.422414035],[1.45256329],[3881472],
[-0.667568147],[1.61347103],[3881472],
[1.17622876],[2.60288978],[112],
[-0.843714237],[1.64116025],[2688],
[-0.379832119],[1.37719738],[3881472],
[-0.648539603],[1.36686981],[3881472],
[1.02990472],[1.89310312],[112],
[-0.456906736],[1.24864423],[2688],
[-0.469551116],[1.31641638],[3881472],
[-0.501575828],[1.27708292],[3881472],
[0.877604842],[1.60521734],[112],
[-0.387696624],[0.931845665],[2688],
[-0.607748389],[1.29108846],[3881472],
[-0.421234459],[1.19556653],[3881472],
[0.531360149],[1.31337345],[112],
[-0.118353352],[0.581815779],[2688],
[-0.651581347],[1.25747263],[3881472],
[-0.395313203],[1.08399796],[3881472],
[0.349768579],[0.810714841],[112],
[-0.0546963401],[0.296152502],[2688],
[-0.643778086],[1.25163162],[3881472],
[-0.366390467],[1.15158641],[3881472],
[0.791379809],[1.32234216],[112],
[-0.104669869],[0.71905],[2688],
[-0.658062398],[1.23094976],[3881472],
[-0.371361881],[1.13672853],[3881472],
[0.487303346],[0.899298],[112],
[-0.0694034323],[0.326579541],[2688],
[-0.633490384],[1.21294427],[3881472],
[-0.345455408],[1.0595243],[3881472],
[0.17192997],[0.529357731],[112],
[-0.00796187483],[0.133307561],[2688],
[-0.592346668],[1.20523012],[3881472],
[-0.34524709],[1.10729778],[3881472],
[0.407042235],[1.28982067],[112],
[-0.0998035148],[0.441634655],[2688],
[-1.06342566],[1.55717611],[3881472],
[-0.109549753],[1.65076613],[970368],
[0.77202642],[1.75557184],[112],
[0.802301109],[1.22290969],[2688],
[-0.698842883],[1.40296519],[1663488],
[-0.754498959],[1.53005576],[1663488],
[0.795536697],[2.41408277],[192],
[-1.21714473],[1.60001624],[4608],
[-0.680224776],[1.36324668],[1663488],
[-0.689651489],[1.44862437],[1663488],
[0.72449255],[2.60692692],[192],
[-0.958794057],[1.63139594],[4608],
[-0.586028218],[1.29044914],[1663488],
[-0.640020311],[1.32135141],[1663488],
[0.958423555],[1.79582095],[192],
[-0.697051],[1.24649763],[4608],
[-0.49994725],[1.24070644],[1663488],
[-0.532417059],[1.26935077],[1663488],
[1.15622747],[1.65644372],[192],
[-0.911228299],[1.20943248],[4608],
[-0.673625767],[1.24165058],[1663488],
[-0.49382928],[1.19844866],[1663488],
[1.00167727],[1.27513576],[192],
[-0.64803189],[0.960716665],[4608],
[-0.655596495],[1.20313418],[1663488],
[-0.429146379],[1.18262112],[1663488],
[0.669624746],[1.58896613],[192],
[-0.396546155],[0.970620632],[4608],
[-0.719345212],[1.230829],[1663488],
[-0.41564548],[1.15167],[1663488],
[0.92884022],[1.40326428],[192],
[-0.551225245],[0.960877717],[4608],
[-0.595421433],[1.21639097],[1663488],
[-0.378733486],[1.08339131],[1663488],
[1.00245845],[1.26887584],[192],
[-0.587356091],[1.01610458],[4608],
[-0.77285707],[1.21234369],[1663488],
[-0.343549818],[1.00222886],[1663488],
[0.429905981],[0.701040864],[192],
[-0.131519392],[0.364910483],[4608],
[-0.749867082],[1.20698011],[1663488],
[-0.398252636],[1.05439496],[1663488],
[0.634076238],[0.949304461],[192],
[-0.224939406],[0.610409677],[4608],
[-0.73707062],[1.21481574],[1663488],
[-0.405078173],[1.18848801],[1663488],
[0.732985258],[1.62629902],[192],
[-0.490085483],[1.02079153],[4608],
[-0.743273854],[1.2038095],[1663488],
[-0.432367176],[1.15979779],[1663488],
[0.792906],[1.1285466],[192],
[-0.369495392],[0.742914438],[4608],
[-1.20794475],[1.39970899],[1663488],
[-0.865072072],[1.80524206],[1663488],
[-0.33443287],[2.77630377],[192],
[-0.729481161],[1.77193391],[4608],
[-0.619739652],[1.16680753],[2.77248e+06],
[-0.494389236],[1.35116768],[2.77248e+06],
[0.433871925],[1.93161488],[320],
[-1.44231081],[1.69218075],[7680],
[-0.563575804],[1.11450565],[2.77248e+06],
[-0.487495095],[1.26783204],[2.77248e+06],
[0.406561077],[1.54401588],[320],
[-1.07306266],[1.34443748],[7680],
[-0.534377813],[1.04773259],[2.77248e+06],
[-0.559642613],[1.23207796],[2.77248e+06],
[0.0808078796],[1.51292133],[320],
[-0.746156931],[0.955492437],[7680],
[-1.12726295],[1.4700408],[1.84832e+06],
[-1.31506062],[5.99155045],[1.152e+07],
[-0.463585466],[3.96010923],[1.152e+07],
[0.423188359],[2.02888918],[32],
[1.66853428],[1.15175843],[128],
[-0.0995951593],[4.0244956],[5.76e+06],
[0.566045821],[1.22501874],[16],
[0.389674932],[0.701343715],[64],
[-0.430467188],[3.07043457],[5.76e+06],
[1.00646365],[0.701544344],[16],
[-0.0444253385],[0.478728294],[64],
[0.19577767],[2.50217509],[5.76e+06],
[0.673105955],[0.690477192],[16],
[-0.0593058243],[0.314931363],[64],
[0.412064314],[2.35817719],[3.456e+07],
[0.452525556],[3.21200514],[8.64e+06],
[2.04835653],[4.33359766],[16],
[2.03267884],[1.53407],[384],
[-0.113867171],[1.639714],[1.296e+07],
[-0.195085898],[1.77971184],[1.296e+07],
[1.45105791],[1.74614382],[24],
[-0.201321453],[0.797540188],[576],
[-0.291035265],[1.70111477],[1.296e+07],
[-0.406457096],[1.70446277],[1.296e+07],
[1.89523828],[1.34583187],[24],
[-0.358823508],[1.08405447],[576],
[-0.46737203],[1.52797532],[1.296e+07],
[-0.413114339],[1.65622103],[1.296e+07],
[1.79248238],[1.88454723],[24],
[-0.240385845],[1.26995289],[576],
[-0.49272272],[1.71454549],[1.296e+07],
[-0.525930107],[1.62850821],[1.296e+07],
[1.95015514],[2.05225158],[24],
[-0.284779847],[1.62204623],[576],
[-0.272265524],[1.6587882],[1.296e+07],
[-0.648614407],[1.89548552],[1.296e+07],
[2.14058423],[1.47816706],[24],
[-0.436489165],[1.3365202],[576],
[-0.0316745862],[1.49783301],[1.296e+07],
[-0.617185235],[1.86207354],[1.296e+07],
[1.38237369],[1.83904529],[24],
[-0.59203434],[1.07367074],[576],
[0.70086813],[1.58266163],[1.296e+07],
[0.242586166],[2.56688356],[3.24e+06],
[-3.54551959],[0.736293793],[24],
[0.0129118217],[0.078447707],[576],
[0.142943218],[1.45525193],[5.4e+06],
[-0.952550352],[1.98519206],[5.4e+06],
[0.275354803],[2.41823959],[40],
[-0.204556867],[0.877317846],[960],
[-0.069880031],[1.47161329],[5.4e+06],
[-0.841347039],[1.87649012],[5.4e+06],
[0.937006116],[2.09862876],[40],
[-0.348491549],[1.17752492],[960],
[-0.120594859],[1.51004183],[5.4e+06],
[-0.824507296],[1.81922472],[5.4e+06],
[1.29938829],[2.01172662],[40],
[-0.368574202],[1.26418138],[960],
[-0.296626776],[1.54815221],[5.4e+06],
[-0.751420438],[1.8385638],[5.4e+06],
[1.39942],[1.63013542],[40],
[-0.314005524],[1.15998113],[960],
[-0.318333864],[1.31823516],[5.4e+06],
[-0.889322221],[1.51091897],[5.4e+06],
[1.03498483],[1.05929971],[40],
[-0.0043963124],[0.669360757],[960],
[-0.403003901],[1.28836286],[5.4e+06],
[-0.780102849],[1.42294478],[5.4e+06],
[0.574379146],[0.985576868],[40],
[-0.0449080803],[0.368413359],[960],
[-0.530985534],[1.55118752],[5.4e+06],
[0.75213033],[2.38025188],[1.38624e+06],
[-4.80692148],[0.971723735],[40],
[0.00752300303],[0.0450423621],[960],
[-0.30557704],[1.35401762],[2.77248e+06],
[-0.580599964],[1.56473053],[2.77248e+06],
[1.54684377],[1.87448406],[80],
[-0.714266],[1.29814708],[1920],
[-0.314157],[1.30395961],[2.77248e+06],
[-0.50977093],[1.54402924],[2.77248e+06],
[1.28144133],[2.49086523],[80],
[-0.458941936],[1.17365718],[1920],
[-0.385234922],[1.33775616],[2.77248e+06],
[-0.511330605],[1.37002826],[2.77248e+06],
[1.36809468],[1.85464919],[80],
[-0.576628566],[1.16224456],[1920],
[-0.331521183],[1.2387315],[2.77248e+06],
[-0.43216154],[1.3016634],[2.77248e+06],
[1.00201154],[1.38054264],[80],
[-0.238202423],[0.803150535],[1920],
[-0.389947087],[1.34204888],[2.77248e+06],
[-0.409533024],[1.40448058],[2.77248e+06],
[1.25370646],[1.86332059],[80],
[-0.431504577],[1.13166821],[1920],
[-0.328810364],[1.17969739],[2.77248e+06],
[-0.359045714],[1.18717849],[2.77248e+06],
[0.587399185],[1.14562225],[80],
[-0.0599641278],[0.431203246],[1920],
[-0.336463034],[1.16885877],[2.77248e+06],
[-0.385234922],[1.19970596],[2.77248e+06],
[0.772073448],[1.36031878],[80],
[-0.136567786],[0.600229621],[1920],
[-0.328254819],[1.14546156],[2.77248e+06],
[-0.3318564],[1.02469301],[2.77248e+06],
[0.165371269],[0.579038501],[80],
[-0.000821787573],[0.177453235],[1920],
[-0.326690197],[1.10486436],[2.77248e+06],
[-0.314840257],[0.964878798],[2.77248e+06],
[0.249619097],[0.614270031],[80],
[-0.0225290637],[0.19837676],[1920],
[0.0263469107],[1.7301389],[2.77248e+06],
[-0.615225434],[2.0176816],[2.77248e+06],
[0.410046],[1.94168019],[80],
[0.346309334],[1.03270519],[1920],
[-0.363808036],[1.31730652],[3881472],
[-0.708321393],[1.51238728],[3881472],
[1.0235306],[2.12746],[112],
[-0.58048296],[1.28047705],[2688],
[-0.3033548],[1.28578603],[3881472],
[-0.660304546],[1.38465047],[3881472],
[0.96335429],[1.76048183],[112],
[-0.31463787],[1.06920826],[2688],
[-0.401744395],[1.24059808],[3881472],
[-0.522237659],[1.24061346],[3881472],
[0.751619935],[1.34361088],[112],
[-0.319267213],[0.770503402],[2688],
[-0.575139225],[1.23205698],[3881472],
[-0.450423241],[1.18374109],[3881472],
[0.529061735],[0.885910213],[112],
[-0.0397712663],[0.432934076],[2688],
[-0.594835818],[1.19277954],[3881472],
[-0.403047264],[1.09359753],[3881472],
[0.39044863],[0.902684867],[112],
[-0.0428452045],[0.333670944],[2688],
[-0.605863452],[1.19894767],[3881472],
[-0.387381315],[1.12511873],[3881472],
[0.766384959],[0.92482549],[112],
[-0.0685768276],[0.542018414],[2688],
[-0.628525257],[1.19178891],[3881472],
[-0.39970693],[1.11945975],[3881472],
[0.519548595],[0.793531299],[112],
[-0.0661623105],[0.357115179],[2688],
[-0.618329644],[1.17209482],[3881472],
[-0.359222531],[1.06080782],[3881472],
[0.220682248],[0.635427475],[112],
[-0.00414021406],[0.176621601],[2688],
[-0.577849507],[1.1641432],[3881472],
[-0.368604869],[1.07821059],[3881472],
[0.380893856],[1.23331451],[112],
[-0.0654264],[0.426932842],[2688],
[-1.0359745],[1.50183582],[3881472],
[-0.114035308],[1.64870656],[970368],
[0.416898787],[1.58463573],[112],
[0.449560672],[0.890201151],[2688],
[-0.615452111],[1.25023651],[1663488],
[-0.79873395],[1.42951083],[1663488],
[0.901232958],[1.86195564],[192],
[-1.09705114],[1.28845882],[4608],
[-0.54094547],[1.205019],[1663488],
[-0.735483348],[1.4013952],[1663488],
[0.790422142],[2.31478524],[192],
[-0.915195882],[1.47913015],[4608],
[-0.461779356],[1.19202161],[1663488],
[-0.650052786],[1.38151491],[1663488],
[0.828494847],[1.76586568],[192],
[-0.774678171],[1.12807906],[4608],
[-0.412179559],[1.13842607],[1663488],
[-0.560124099],[1.36031771],[1663488],
[1.13927317],[1.89694643],[192],
[-0.899906039],[1.18335021],[4608],
[-0.587378919],[1.14025784],[1663488],
[-0.52953589],[1.17870045],[1663488],
[0.946895421],[1.63019574],[192],
[-0.648568392],[1.18852258],[4608],
[-0.582964361],[1.12791],[1663488],
[-0.463165432],[1.20879722],[1663488],
[0.809597969],[1.66556299],[192],
[-0.418564886],[0.912708879],[4608],
[-0.634149432],[1.13813698],[1663488],
[-0.439874142],[1.29673266],[1663488],
[0.775804698],[1.78681707],[192],
[-0.54880774],[1.02560031],[4608],
[-0.521446645],[1.13519084],[1663488],
[-0.404511034],[1.05951858],[1663488],
[0.85785526],[1.24237561],[192],
[-0.509087741],[0.960815132],[4608],
[-0.713035047],[1.14102566],[1663488],
[-0.369989],[1.08828092],[1663488],
[0.488861799],[0.929594636],[192],
[-0.169634402],[0.472541481],[4608],
[-0.707413197],[1.12643564],[1663488],
[-0.433719039],[1.05353141],[1663488],
[0.645635784],[1.17653155],[192],
[-0.248844892],[0.769866586],[4608],
[-0.700967789],[1.13786578],[1663488],
[-0.454241931],[1.19354308],[1663488],
[0.636415],[1.64926231],[192],
[-0.466925889],[0.959596634],[4608],
[-0.708776593],[1.1279273],[1663488],
[-0.480054945],[1.1887902],[1663488],
[0.642642379],[1.33964086],[192],
[-0.382789403],[0.758329093],[4608],
[-1.08694148],[1.28980327],[1663488],
[-0.929887056],[1.73819709],[1663488],
[-0.507026494],[2.43670845],[192],
[-0.859175146],[1.5461458],[4608],
[-0.512991667],[1.05999637],[2.77248e+06],
[-0.465664774],[1.36475849],[2.77248e+06],
[0.327142388],[2.18971944],[320],
[-1.56737542],[1.91905332],[7680],
[-0.430235207],[1.01768088],[2.77248e+06],
[-0.428776],[1.40775871],[2.77248e+06],
[0.355112195],[2.11858296],[320],
[-1.40837646],[1.76670849],[7680],
[-0.470963597],[0.98203069],[2.77248e+06],
[-0.543228507],[1.29403555],[2.77248e+06],
[0.0581314266],[1.87621832],[320],
[-1.01890242],[1.27075362],[7680],
[-1.08851719],[1.45227158],[1.84832e+06],
[-1.39214849],[6.42532253],[1.152e+07],
[-0.514926],[4.07801151],[1.152e+07],
[0.332110763],[1.90866756],[32],
[1.53885043],[1.0960412],[128],
[-0.248773918],[4.35409],[5.76e+06],
[0.504862309],[1.19428337],[16],
[0.299627662],[0.663128078],[64],
[-0.246657655],[3.75692129],[5.76e+06],
[0.426323563],[1.14109647],[16],
[-0.169676706],[0.563519],[64],
[0.179014727],[3.01792],[5.76e+06],
[0.4820503],[0.825773716],[16],
[-0.128127679],[0.333808482],[64],
[0.325905234],[2.67456079],[3.456e+07],
[0.357328385],[3.93474317],[8.64e+06],
[1.60546279],[4.78026342],[16],
[2.09262919],[1.53373933],[384],
[-0.195679083],[1.93565643],[1.296e+07],
[-0.228679806],[1.98984921],[1.296e+07],
[1.30396211],[2.49929523],[24],
[-0.233950689],[0.943755686],[576],
[-0.378325194],[1.88919318],[1.296e+07],
[-0.41146794],[1.84195364],[1.296e+07],
[2.01541448],[1.62533867],[24],
[-0.393510193],[1.24976611],[576],
[-0.488721669],[1.68061566],[1.296e+07],
[-0.46472314],[1.73911488],[1.296e+07],
[1.67091608],[1.268749],[24],
[-0.186365172],[1.02587426],[576],
[-0.505899966],[1.81775701],[1.296e+07],
[-0.453736067],[1.85001767],[1.296e+07],
[2.23168254],[3.02930236],[24],
[-0.358514726],[2.12019706],[576],
[-0.286511332],[1.79562068],[1.296e+07],
[-0.609084],[2.05824232],[1.296e+07],
[2.15823746],[2.15324092],[24],
[-0.508307755],[1.58829093],[576],
[-0.0623147488],[1.6143111],[1.296e+07],
[-0.631811321],[2.02788687],[1.296e+07],
[1.29241741],[2.44267106],[24],
[-0.60112083],[1.39791],[576],
[0.727220774],[1.68752563],[1.296e+07],
[0.279974967],[2.72301602],[3.24e+06],
[-3.61771202],[1.08695042],[24],
[0.0117619373],[0.0790129304],[576],
[0.0742705241],[1.61316252],[5.4e+06],
[-0.983712316],[2.02057076],[5.4e+06],
[0.332747877],[2.56676531],[40],
[-0.291742176],[1.04648],[960],
[-0.133922726],[1.62056839],[5.4e+06],
[-0.844094634],[1.97110522],[5.4e+06],
[0.934195876],[2.70103073],[40],
[-0.485221595],[1.46350217],[960],
[-0.20989491],[1.65673387],[5.4e+06],
[-0.837857604],[1.82997596],[5.4e+06],
[1.16355228],[2.29581022],[40],
[-0.37674734],[1.3221761],[960],
[-0.384518892],[1.70395195],[5.4e+06],
[-0.768534958],[1.91626275],[5.4e+06],
[1.3734467],[2.29222631],[40],
[-0.340247035],[1.39377904],[960],
[-0.404258519],[1.43640125],[5.4e+06],
[-0.870803773],[1.69038785],[5.4e+06],
[1.17824101],[1.51574051],[40],
[-0.0203201938],[0.852850676],[960],
[-0.473408103],[1.36757338],[5.4e+06],
[-0.77340126],[1.47020006],[5.4e+06],
[0.501339078],[0.925743043],[40],
[-0.0722042],[0.31665653],[960],
[-0.585377574],[1.65172684],[5.4e+06],
[0.829646],[2.54700041],[1.38624e+06],
[-4.82791042],[1.39361894],[40],
[0.0111664133],[0.0465215631],[960],
[-0.363985777],[1.48578155],[2.77248e+06],
[-0.591214776],[1.63814056],[2.77248e+06],
[1.52416885],[2.10327458],[80],
[-0.676168144],[1.31868279],[1920],
[-0.423692107],[1.4014535],[2.77248e+06],
[-0.501323104],[1.46877849],[2.77248e+06],
[1.29284644],[2.29383612],[80],
[-0.476939619],[1.21785617],[1920],
[-0.445451677],[1.44339061],[2.77248e+06],
[-0.521092772],[1.37944841],[2.77248e+06],
[1.37076974],[2.1247952],[80],
[-0.670530677],[1.36049497],[1920],
[-0.407645732],[1.34690964],[2.77248e+06],
[-0.433390945],[1.3009423],[2.77248e+06],
[1.01318169],[1.39923644],[80],
[-0.263730645],[0.860816598],[1920],
[-0.441322267],[1.41165185],[2.77248e+06],
[-0.399609745],[1.32828987],[2.77248e+06],
[1.21908569],[1.66442561],[80],
[-0.420945019],[1.0831269],[1920],
[-0.369012684],[1.28226662],[2.77248e+06],
[-0.36782],[1.19512117],[2.77248e+06],
[0.551861644],[1.07537162],[80],
[-0.0399871655],[0.41093],[1920],
[-0.356996715],[1.26551795],[2.77248e+06],
[-0.388221741],[1.20908308],[2.77248e+06],
[0.826887906],[1.36391842],[80],
[-0.130475745],[0.675682187],[1920],
[-0.331216514],[1.21700573],[2.77248e+06],
[-0.320314169],[1.05263984],[2.77248e+06],
[0.158319741],[0.559345365],[80],
[0.000355401455],[0.16539593],[1920],
[-0.33121106],[1.17045164],[2.77248e+06],
[-0.303053588],[1.01069248],[2.77248e+06],
[0.27004686],[0.711045146],[80],
[-0.0302641913],[0.237450585],[1920],
[-0.0219780859],[1.8271805],[2.77248e+06],
[-0.639152229],[2.02701259],[2.77248e+06],
[0.448088169],[1.71959496],[80],
[0.446748883],[1.05621219],[1920],
[-0.470411181],[1.4709332],[3881472],
[-0.666005373],[1.65391243],[3881472],
[1.09962654],[2.72123647],[112],
[-0.860515416],[1.63946438],[2688],
[-0.444716394],[1.3975029],[3881472],
[-0.647698104],[1.37639093],[3881472],
[1.10251534],[2.03884053],[112],
[-0.529987156],[1.37748897],[2688],
[-0.534244835],[1.33551514],[3881472],
[-0.50704205],[1.31006467],[3881472],
[0.987340152],[1.85228157],[112],
[-0.48818025],[1.07829988],[2688],
[-0.676230252],[1.31062734],[3881472],
[-0.429200739],[1.18628073],[3881472],
[0.524547338],[1.4653275],[112],
[-0.118154854],[0.625780225],[2688],
[-0.702479422],[1.27126193],[3881472],
[-0.398474604],[1.09321558],[3881472],
[0.312242419],[0.854616463],[112],
[-0.0679006428],[0.297737151],[2688],
[-0.704357743],[1.27436006],[3881472],
[-0.370328337],[1.20953381],[3881472],
[0.910621703],[1.56873071],[112],
[-0.122136869],[0.818555474],[2688],
[-0.717452049],[1.25646734],[3881472],
[-0.378993899],[1.14229417],[3881472],
[0.509613693],[0.843558967],[112],
[-0.0702604428],[0.341917753],[2688],
[-0.687889338],[1.23611593],[3881472],
[-0.351552576],[1.05085897],[3881472],
[0.180176765],[0.586140573],[112],
[-0.0127540315],[0.148541629],[2688],
[-0.637877762],[1.22762036],[3881472],
[-0.354138583],[1.11194873],[3881472],
[0.39993766],[1.27376342],[112],
[-0.0943675041],[0.438206673],[2688],
[-1.10209823],[1.57755899],[3881472],
[-0.122286499],[1.69739628],[970368],
[0.585468411],[1.64960611],[112],
[0.722328663],[1.03508854],[2688],
[-0.746113598],[1.41113007],[1663488],
[-0.745894492],[1.56524324],[1663488],
[0.840197086],[2.37732768],[192],
[-1.23703206],[1.5828979],[4608],
[-0.737541139],[1.38593757],[1663488],
[-0.678601801],[1.5023464],[1663488],
[0.696883678],[2.32132101],[192],
[-0.967571],[1.36021209],[4608],
[-0.65184617],[1.32146239],[1663488],
[-0.627792835],[1.37530494],[1663488],
[0.952625453],[2.02725577],[192],
[-0.941654921],[1.27562058],[4608],
[-0.575249434],[1.26073682],[1663488],
[-0.538148403],[1.25640798],[1663488],
[1.25094378],[2.02816868],[192],
[-1.11723411],[1.42461622],[4608],
[-0.73489064],[1.26248217],[1663488],
[-0.480710059],[1.24960363],[1663488],
[0.89926976],[1.87826598],[192],
[-0.74694705],[1.15353048],[4608],
[-0.727557778],[1.22458887],[1663488],
[-0.435328722],[1.13151181],[1663488],
[0.824969471],[1.87337554],[192],
[-0.595214128],[1.16599619],[4608],
[-0.769906342],[1.23642409],[1663488],
[-0.423204362],[1.15915382],[1663488],
[0.913535357],[1.53676867],[192],
[-0.591661751],[1.02628624],[4608],
[-0.627438664],[1.22508323],[1663488],
[-0.379004],[1.14177263],[1663488],
[1.02728808],[1.67502737],[192],
[-0.595484078],[1.16232574],[4608],
[-0.814092577],[1.21813607],[1663488],
[-0.340389252],[1.02498305],[1663488],
[0.506063044],[1.03124654],[192],
[-0.180262387],[0.520467401],[4608],
[-0.783438802],[1.20638371],[1663488],
[-0.405090272],[1.08379126],[1663488],
[0.60249263],[1.29155028],[192],
[-0.282010704],[0.661831677],[4608],
[-0.766174912],[1.22023928],[1663488],
[-0.40887627],[1.19047022],[1663488],
[0.763831675],[1.69078934],[192],
[-0.463407189],[1.01934576],[4608],
[-0.785017908],[1.21414018],[1663488],
[-0.442602605],[1.14407253],[1663488],
[0.768285036],[1.21707153],[192],
[-0.360381424],[0.733287],[4608],
[-1.26354456],[1.43591666],[1663488],
[-0.854271591],[1.81484866],[1663488],
[-0.280839115],[2.67551064],[192],
[-0.729329228],[1.65862668],[4608],
[-0.609090209],[1.13850164],[2.77248e+06],
[-0.486130834],[1.38262892],[2.77248e+06],
[0.431491941],[2.59082437],[320],
[-1.93422],[2.35799],[7680],
[-0.647428274],[1.15338528],[2.77248e+06],
[-0.501155615],[1.31698835],[2.77248e+06],
[0.518149734],[2.51887536],[320],
[-1.95772576],[2.43582439],[7680],
[-0.682610631],[1.17381775],[2.77248e+06],
[-0.560400605],[1.21872532],[2.77248e+06],
[0.194168657],[1.6361593],[320],
[-0.947695],[1.1518482],[7680],
[-1.374946],[1.56933963],[1.84832e+06],
[-1.27418971],[6.48051453],[1.152e+07],
[-0.42057243],[4.16020632],[1.152e+07],
[0.206274182],[1.89595449],[32],
[1.41440713],[1.03118515],[128],
[-0.0490080081],[4.18427801],[5.76e+06],
[0.398738384],[1.10533953],[16],
[0.300618947],[0.582849085],[64],
[-0.34306848],[3.77507901],[5.76e+06],
[0.618950963],[0.971301198],[16],
[-0.153069586],[0.478671461],[64],
[0.315959036],[2.81827664],[5.76e+06],
[0.451585233],[0.788542211],[16],
[-0.122030422],[0.32319504],[64],
[0.313997746],[2.74365115],[3.456e+07],
[0.453155041],[3.85333204],[8.64e+06],
[1.80988979],[5.597435],[16],
[2.06697035],[1.74602],[384],
[-0.154589519],[1.86468315],[1.296e+07],
[-0.225555703],[2.01714754],[1.296e+07],
[1.267259],[2.32532072],[24],
[-0.24159877],[0.882027805],[576],
[-0.372080028],[1.9060775],[1.296e+07],
[-0.387455106],[1.8021996],[1.296e+07],
[1.82267034],[1.40572941],[24],
[-0.309823453],[1.06049359],[576],
[-0.51002866],[1.68283081],[1.296e+07],
[-0.403407574],[1.78966928],[1.296e+07],
[1.70577085],[1.63837278],[24],
[-0.215483665],[1.17715991],[576],
[-0.504708588],[1.84686661],[1.296e+07],
[-0.470197231],[1.85984921],[1.296e+07],
[2.12388515],[2.73778605],[24],
[-0.356805205],[1.98067212],[576],
[-0.288105398],[1.80060208],[1.296e+07],
[-0.574952602],[2.27611566],[1.296e+07],
[2.18903732],[2.2340343],[24],
[-0.543744385],[1.66682839],[576],
[-0.0627683476],[1.64251089],[1.296e+07],
[-0.583036125],[2.18216538],[1.296e+07],
[1.34078085],[2.72053647],[24],
[-0.611436963],[1.52371967],[576],
[0.725351334],[1.73484862],[1.296e+07],
[0.266872346],[2.87563],[3.24e+06],
[-3.94181514],[0.837726593],[24],
[0.00649021659],[0.0768027827],[576],
[0.00971802],[1.73012757],[5.4e+06],
[-0.971877158],[2.22188282],[5.4e+06],
[0.429158032],[2.94933867],[40],
[-0.359319359],[1.22008443],[960],
[-0.232143521],[1.72980845],[5.4e+06],
[-0.81355232],[2.08187723],[5.4e+06],
[0.835322738],[2.79823422],[40],
[-0.466688424],[1.48051333],[960],
[-0.294246376],[1.749506],[5.4e+06],
[-0.793167055],[1.93618977],[5.4e+06],
[1.07615471],[2.56818652],[40],
[-0.493890435],[1.39256716],[960],
[-0.486355096],[1.81223381],[5.4e+06],
[-0.73435694],[2.02700138],[5.4e+06],
[1.26909626],[2.54783702],[40],
[-0.342845052],[1.43243134],[960],
[-0.484981894],[1.52675354],[5.4e+06],
[-0.862664104],[1.67524052],[5.4e+06],
[1.10554576],[1.35224402],[40],
[0.00429662503],[0.750839174],[960],
[-0.537342668],[1.47428691],[5.4e+06],
[-0.770507336],[1.56137288],[5.4e+06],
[0.378342539],[0.808644116],[40],
[-0.0597111695],[0.224833414],[960],
[-0.609035492],[1.76392734],[5.4e+06],
[0.878965318],[2.75899339],[1.38624e+06],
[-5.39411306],[1.796929],[40],
[0.00586130703],[0.0466118976],[960],
[-0.389986217],[1.54481983],[2.77248e+06],
[-0.614999175],[1.64214253],[2.77248e+06],
[1.29707515],[2.00083041],[80],
[-0.636389196],[1.2051748],[1920],
[-0.472959638],[1.4807874],[2.77248e+06],
[-0.546860456],[1.44856191],[2.77248e+06],
[1.15922987],[1.77747202],[80],
[-0.404051274],[0.97362417],[1920],
[-0.486420959],[1.49809051],[2.77248e+06],
[-0.545521319],[1.4009186],[2.77248e+06],
[1.34661412],[2.03608847],[80],
[-0.656537056],[1.32985365],[1920],
[-0.462109685],[1.40770984],[2.77248e+06],
[-0.443774402],[1.38350737],[2.77248e+06],
[1.01927018],[1.51233101],[80],
[-0.293818533],[0.910138249],[1920],
[-0.512073755],[1.47219491],[2.77248e+06],
[-0.4113],[1.27168214],[2.77248e+06],
[1.20093918],[1.55720544],[80],
[-0.416337401],[1.06678653],[1920],
[-0.425174087],[1.33941233],[2.77248e+06],
[-0.371921629],[1.24295139],[2.77248e+06],
[0.528403938],[1.31314206],[80],
[-0.0430144332],[0.439182818],[1920],
[-0.41965881],[1.3170768],[2.77248e+06],
[-0.408058614],[1.20673394],[2.77248e+06],
[0.59721911],[1.01836526],[80],
[-0.100088961],[0.502497494],[1920],
[-0.392459542],[1.26777184],[2.77248e+06],
[-0.333650738],[1.08449435],[2.77248e+06],
[0.161473483],[0.581113756],[80],
[-0.00102164154],[0.178408712],[1920],
[-0.404462665],[1.21599925],[2.77248e+06],
[-0.301330745],[1.02634251],[2.77248e+06],
[0.264971912],[0.738325477],[80],
[-0.0278806817],[0.242714047],[1920],
[-0.0255212504],[1.884395],[2.77248e+06],
[-0.62137264],[2.00312781],[2.77248e+06],
[0.405630261],[2.0845921],[80],
[0.508302748],[1.20420837],[1920],
[-0.482513934],[1.51398194],[3881472],
[-0.667171],[1.62180746],[3881472],
[1.06268704],[2.6924448],[112],
[-0.790535688],[1.57025743],[2688],
[-0.447473824],[1.43837988],[3881472],
[-0.642074645],[1.43090606],[3881472],
[1.12849391],[2.23135042],[112],
[-0.481276065],[1.34400082],[2688],
[-0.572806418],[1.36979032],[3881472],
[-0.503436],[1.2940557],[3881472],
[0.986348033],[1.8760469],[112],
[-0.498152554],[1.06434846],[2688],
[-0.692032158],[1.33787715],[3881472],
[-0.411084175],[1.24867296],[3881472],
[0.572723806],[1.62418485],[112],
[-0.147203133],[0.714393437],[2688],
[-0.728053093],[1.29856074],[3881472],
[-0.386210024],[1.13395035],[3881472],
[0.271661162],[0.973793864],[112],
[-0.0667417496],[0.287595838],[2688],
[-0.734849691],[1.30794919],[3881472],
[-0.359518796],[1.21757448],[3881472],
[0.864154398],[1.87489688],[112],
[-0.114507608],[0.874582291],[2688],
[-0.75888133],[1.29369652],[3881472],
[-0.368526518],[1.13039696],[3881472],
[0.493228048],[0.787332773],[112],
[-0.0512255765],[0.318730563],[2688],
[-0.715248585],[1.26898623],[3881472],
[-0.33435443],[1.07818937],[3881472],
[0.179498404],[0.621768475],[112],
[-0.0139943417],[0.148916081],[2688],
[-0.677663207],[1.25783253],[3881472],
[-0.344819129],[1.10688818],[3881472],
[0.395500481],[1.28596187],[112],
[-0.0964789614],[0.439635962],[2688],
[-1.11945593],[1.61583984],[3881472],
[-0.0850982293],[1.66712904],[970368],
[0.520177484],[1.98790181],[112],
[0.826387703],[1.14673197],[2688],
[-0.729436278],[1.4175626],[1663488],
[-0.761706591],[1.59328687],[1663488],
[0.888786793],[2.80289555],[192],
[-1.29047632],[1.72616553],[4608],
[-0.748595417],[1.39731669],[1663488],
[-0.705288529],[1.44360709],[1663488],
[0.769685566],[2.56092954],[192],
[-1.01251006],[1.56330228],[4608],
[-0.673105419],[1.33822417],[1663488],
[-0.62847954],[1.32809174],[1663488],
[0.869832695],[2.1216445],[192],
[-0.85132],[1.30812669],[4608],
[-0.578802466],[1.28923571],[1663488],
[-0.55238992],[1.26349509],[1663488],
[1.2214396],[1.86709356],[192],
[-1.03447092],[1.25749838],[4608],
[-0.726871312],[1.27762985],[1663488],
[-0.484843075],[1.27203321],[1663488],
[0.919160843],[2.02102375],[192],
[-0.852868617],[1.23111379],[4608],
[-0.695476],[1.22267008],[1663488],
[-0.43061924],[1.16742492],[1663488],
[0.824885368],[1.5535717],[192],
[-0.49186182],[0.935645401],[4608],
[-0.748875916],[1.24090922],[1663488],
[-0.415177435],[1.16758907],[1663488],
[0.889502704],[1.55454755],[192],
[-0.601344943],[0.93098408],[4608],
[-0.596015275],[1.20433903],[1663488],
[-0.384361118],[1.0326941],[1663488],
[0.92377919],[1.22514653],[192],
[-0.526542366],[0.949431837],[4608],
[-0.772767425],[1.1964097],[1663488],
[-0.342011452],[1.03137672],[1663488],
[0.483160347],[1.1369437],[192],
[-0.202224329],[0.57601738],[4608],
[-0.765150547],[1.19962502],[1663488],
[-0.402585328],[1.05605054],[1663488],
[0.622894347],[1.07749033],[192],
[-0.249011248],[0.589413464],[4608],
[-0.756778657],[1.19989467],[1663488],
[-0.425747067],[1.15670633],[1663488],
[0.751039445],[1.82889318],[192],
[-0.546798885],[1.08947861],[4608],
[-0.752601624],[1.18522954],[1663488],
[-0.447686583],[1.13096774],[1663488],
[0.766662657],[1.24697018],[192],
[-0.38988626],[0.765428782],[4608],
[-1.2496649],[1.4064647],[1663488],
[-0.868610263],[1.76217175],[1663488],
[-0.517947197],[2.89583683],[192],
[-0.996924937],[1.79371643],[4608],
[-0.599600375],[1.10061026],[2.77248e+06],
[-0.521375239],[1.31048882],[2.77248e+06],
[0.522532642],[2.05404615],[320],
[-1.73612356],[2.05032325],[7680],
[-0.478947461],[1.04082751],[2.77248e+06],
[-0.488822103],[1.34066319],[2.77248e+06],
[0.450447947],[1.95206141],[320],
[-1.43129909],[1.76759374],[7680],
[-0.478490204],[1.00326824],[2.77248e+06],
[-0.561201692],[1.29577017],[2.77248e+06],
[0.155113846],[1.67851472],[320],
[-0.991142],[1.19746232],[7680],
[-1.03779149],[1.473194],[1.84832e+06]]

means = np.array(a[::3])
stds = np.array(a[1::3])
imp = np.array(a[2::3])

# todo finish if necessary
print(np.sum(means[:, 0] * imp[:, 0]) / np.sum(imp))
print(np.sum(stds[:, 0] * imp[:, 0]) / np.sum(imp))
