import numpy as np


a = [[-1.35140419],[5.88929319],
[-0.458981693],[3.94673419],
[0.41537106],[2.01584888],
[1.66230345],[1.14412785],
[-0.116239138],[4.09054899],
[0.496159077],[1.16528094],
[0.328326],[0.647091806],
[-0.358047098],[3.37630081],
[0.861722708],[0.83156848],
[-0.116361335],[0.460065901],
[0.168079868],[2.81226158],
[0.579201818],[0.891329348],
[-0.126078919],[0.364897966],
[0.37168023],[2.48327565],
[0.390814692],[3.57579041],
[1.85790265],[4.39187574],
[2.10517097],[1.51888907],
[-0.198486611],[1.84455097],
[-0.247485489],[1.86919367],
[1.37107849],[2.19658327],
[-0.204150617],[0.864636481],
[-0.369711637],[1.80554271],
[-0.439071029],[1.73024762],
[1.78865731],[1.71008539],
[-0.391475827],[1.15626454],
[-0.500652611],[1.59487855],
[-0.404518157],[1.70736504],
[1.77772522],[1.64804542],
[-0.233953312],[1.19758844],
[-0.517888129],[1.75023103],
[-0.522104204],[1.68174338],
[1.96246159],[2.11857891],
[-0.28007403],[1.65246594],
[-0.284704655],[1.73231483],
[-0.602225542],[2.06598973],
[2.17683721],[2.08665633],
[-0.539571822],[1.59942758],
[-0.042438142],[1.54615641],
[-0.634970367],[1.94441521],
[1.3582505],[2.20942426],
[-0.608869851],[1.29156196],
[0.73926419],[1.60802948],
[0.257190615],[2.62267947],
[-3.42982984],[0.826008081],
[0.0129118217],[0.078447707],
[0.128807247],[1.48544061],
[-0.98372817],[1.98236835],
[0.295753866],[2.28721905],
[-0.234348014],[0.912089467],
[-0.0700261146],[1.50177979],
[-0.847784],[1.892205],
[0.866964817],[2.62709546],
[-0.44958216],[1.45453751],
[-0.10462258],[1.51995838],
[-0.813716412],[1.8426441],
[1.24482191],[2.50851],
[-0.382775158],[1.474774],
[-0.276630223],[1.55813956],
[-0.758179],[1.81652522],
[1.41141582],[1.98692691],
[-0.321398258],[1.30167556],
[-0.304445833],[1.31812084],
[-0.894133806],[1.46970129],
[0.979281127],[1.05790269],
[-0.0127206948],[0.645240307],
[-0.393593341],[1.28133237],
[-0.776119888],[1.40853679],
[0.534819782],[0.980663359],
[-0.0761355385],[0.355003327],
[-0.520649493],[1.53285944],
[0.796718538],[2.34642625],
[-4.55904913],[1.02572644],
[0.0146246646],[0.0462933742],
[-0.30005005],[1.37973988],
[-0.580185],[1.60882556],
[1.53385746],[2.11574578],
[-0.744542122],[1.36978972],
[-0.324875593],[1.30599296],
[-0.510478437],[1.49457741],
[1.20359576],[2.38908935],
[-0.487924],[1.16414857],
[-0.387723893],[1.33676815],
[-0.506965041],[1.36069345],
[1.37302363],[2.11710072],
[-0.661671],[1.33593166],
[-0.334347159],[1.24573946],
[-0.422009051],[1.28317535],
[1.03028822],[1.55533886],
[-0.293756068],[0.926896572],
[-0.402284652],[1.32869101],
[-0.40202868],[1.38586962],
[1.29132],[1.88556957],
[-0.455585867],[1.20883405],
[-0.32695809],[1.19105637],
[-0.352037281],[1.16254616],
[0.543524384],[1.14486969],
[-0.0515075065],[0.402065635],
[-0.331641495],[1.17985702],
[-0.372136503],[1.20348215],
[0.726150513],[1.203058],
[-0.123272575],[0.529204428],
[-0.305184335],[1.15192711],
[-0.317807734],[1.02850771],
[0.166543841],[0.570806921],
[-0.00057508453],[0.172256246],
[-0.302502483],[1.10164189],
[-0.299428284],[0.98522073],
[0.273398161],[0.712222099],
[-0.0285497177],[0.232860342],
[0.0492494404],[1.73048007],
[-0.60348767],[2.00637364],
[0.426959038],[1.98352778],
[0.431062341],[1.11825562],
[-0.379057378],[1.36360466],
[-0.682597399],[1.61570203],
[1.11043942],[2.57415318],
[-0.817661285],[1.56191123],
[-0.332470238],[1.32605469],
[-0.640499175],[1.41371679],
[1.1160444],[2.05334854],
[-0.516864598],[1.32685435],
[-0.429298729],[1.26462591],
[-0.508610725],[1.26992679],
[0.945745289],[1.76253104],
[-0.49893415],[1.00193226],
[-0.590838373],[1.239766],
[-0.4351753],[1.1428982],
[0.485922],[1.00444114],
[-0.0872703493],[0.434704185],
[-0.612701237],[1.19567609],
[-0.393602967],[1.06209505],
[0.338421613],[0.862544179],
[-0.0618715174],[0.314007789],
[-0.611701846],[1.20317113],
[-0.381263494],[1.09064496],
[0.716427207],[0.934869528],
[-0.0702579618],[0.535731137],
[-0.629022241],[1.19003391],
[-0.380779088],[1.1230731],
[0.517546773],[0.860222936],
[-0.0813377351],[0.350240886],
[-0.612052321],[1.17069733],
[-0.347916126],[1.03130281],
[0.167577639],[0.511629403],
[-0.0115754465],[0.12883155],
[-0.568647623],[1.16563904],
[-0.356930017],[1.07123244],
[0.359658927],[1.24383712],
[-0.111779824],[0.42787841],
[-1.06225741],[1.51761198],
[-0.127295971],[1.62122142],
[0.446805537],[1.64961016],
[0.618943393],[0.972437739],
[-0.643579185],[1.29383337],
[-0.773264945],[1.51816249],
[0.836089194],[2.28009129],
[-1.27394],[1.45983875],
[-0.601768374],[1.25072932],
[-0.719254673],[1.40010405],
[0.816540062],[2.19129491],
[-1.04278576],[1.40024221],
[-0.527773261],[1.21016729],
[-0.635715485],[1.36216688],
[0.825033903],[1.63473094],
[-0.845998824],[1.02583969],
[-0.452257872],[1.14200878],
[-0.536761045],[1.32855773],
[1.16426706],[1.69853818],
[-1.00570655],[1.20434415],
[-0.60120517],[1.147802],
[-0.51109],[1.17576194],
[0.950040162],[1.50567353],
[-0.79612565],[1.08527827],
[-0.567370117],[1.11464751],
[-0.440239698],[1.14257741],
[0.781130135],[1.53478599],
[-0.546212912],[0.9868415],
[-0.609821498],[1.13249493],
[-0.429270267],[1.24009204],
[0.700058043],[1.26790595],
[-0.50133276],[0.760358751],
[-0.488342613],[1.12258673],
[-0.386969566],[1.11668825],
[0.864707947],[1.22179973],
[-0.543778896],[0.886941135],
[-0.656792164],[1.1288209],
[-0.351856053],[1.06679904],
[0.463415146],[0.877511621],
[-0.164968088],[0.465885609],
[-0.662618876],[1.12361109],
[-0.417112857],[1.04935062],
[0.56992954],[0.928429],
[-0.234835461],[0.54700309],
[-0.664701581],[1.1302073],
[-0.439993],[1.19961214],
[0.63022989],[1.55596375],
[-0.43575421],[0.878367841],
[-0.683400393],[1.12864947],
[-0.461895764],[1.20454919],
[0.657843],[1.1935904],
[-0.342564642],[0.676976621],
[-1.13911521],[1.30113626],
[-0.955708],[1.75089753],
[-0.574210346],[2.69716883],
[-0.862998724],[1.69824159],
[-0.555464566],[1.12676406],
[-0.49253282],[1.45731151],
[0.349850833],[2.11708522],
[-1.58551204],[1.93300903],
[-0.450461864],[1.07836413],
[-0.426525265],[1.56072199],
[0.262490749],[2.25166798],
[-1.43486023],[1.81208551],
[-0.473737687],[1.04009271],
[-0.531540751],[1.49527514],
[-0.00424155593],[1.97210526],
[-1.02625215],[1.27825809],
[-1.16917741],[1.59487319],
[-1.32809389],[6.73487282],
[-0.452294886],[4.00034189],
[0.254311115],[2.18661928],
[1.55113363],[1.20249569],
[-0.32979098],[4.12012339],
[0.568736315],[1.22407484],
[0.420809269],[0.681901753],
[-0.288007826],[3.19493771],
[0.695691],[1.86727893],
[-0.0283400659],[0.726115823],
[0.331957668],[2.38177967],
[0.601569057],[0.593161702],
[-0.0470295697],[0.280333191],
[0.367908],[2.28207707],
[0.517364204],[3.04376173],
[2.25466537],[4.17520905],
[2.1703651],[1.50778878],
[-0.0494692549],[1.56373203],
[-0.144859314],[1.66968548],
[1.59021425],[1.71868265],
[-0.135701537],[0.840439618],
[-0.152400911],[1.59732592],
[-0.384337574],[1.69153273],
[2.00240421],[1.29664314],
[-0.348529518],[1.12769294],
[-0.314774],[1.46641254],
[-0.429927945],[1.7000221],
[1.67749071],[1.69069076],
[-0.209206879],[1.1920495],
[-0.335101634],[1.6130445],
[-0.468960106],[1.72979546],
[2.13126063],[2.57968402],
[-0.357084453],[1.93294096],
[-0.148891792],[1.58533144],
[-0.603338182],[2.01114655],
[2.21109748],[1.83341742],
[-0.498553395],[1.52771819],
[0.043139],[1.43788278],
[-0.571485],[2.10413575],
[1.44786489],[2.18355751],
[-0.600053787],[1.31706417],
[0.717306256],[1.57121968],
[0.272732586],[2.56223702],
[-3.74084783],[0.830032289],
[0.00927531347],[0.0769185796],
[0.138405919],[1.47048092],
[-0.904179931],[2.11579704],
[0.275126547],[2.87091279],
[-0.297770321],[1.06287658],
[-0.0882086307],[1.48680961],
[-0.80601567],[1.89889205],
[0.924111],[2.05032635],
[-0.368408978],[1.20418155],
[-0.143033817],[1.52706075],
[-0.773294687],[1.94478405],
[1.42118835],[2.37639809],
[-0.498475403],[1.3953743],
[-0.31767109],[1.55132353],
[-0.732381821],[1.88324964],
[1.29179704],[2.05679035],
[-0.307739437],[1.22544444],
[-0.331212968],[1.3424964],
[-0.85811156],[1.54927611],
[1.0617398],[1.17684138],
[-0.00171247625],[0.717722356],
[-0.397192],[1.32207263],
[-0.762869239],[1.45996726],
[0.569791913],[1.00778794],
[-0.0417243913],[0.362972826],
[-0.53053242],[1.57464135],
[0.820585608],[2.42130589],
[-5.0677247],[1.58707476],
[0.00763357896],[0.0480020232],
[-0.329180777],[1.3673594],
[-0.589891493],[1.51115048],
[1.4592346],[1.99775934],
[-0.634886],[1.25164676],
[-0.338826418],[1.3167547],
[-0.494497627],[1.57135582],
[1.47936499],[2.68465209],
[-0.534594774],[1.34998715],
[-0.387792438],[1.34793353],
[-0.481508523],[1.42708826],
[1.41395843],[2.36073852],
[-0.707515359],[1.44671166],
[-0.331605047],[1.22956347],
[-0.405285656],[1.30394542],
[0.933748901],[1.59034872],
[-0.259491056],[0.823066056],
[-0.376445353],[1.35852349],
[-0.392614692],[1.28206289],
[1.08794141],[1.69962776],
[-0.380374342],[1.00482094],
[-0.31271109],[1.16488516],
[-0.337977469],[1.14045358],
[0.541060567],[1.14939654],
[-0.0479083769],[0.425880581],
[-0.315743208],[1.16707158],
[-0.370018929],[1.12470555],
[0.621456742],[0.893711865],
[-0.0869133174],[0.421168715],
[-0.284135669],[1.12682307],
[-0.308088213],[1.00440192],
[0.168884754],[0.590592265],
[-0.000621289],[0.186284631],
[-0.301251024],[1.08992672],
[-0.302488387],[0.94941628],
[0.226369932],[0.562803864],
[-0.0142604047],[0.170909926],
[0.0189807918],[1.74891603],
[-0.606874824],[1.90846896],
[0.774832428],[1.80125844],
[0.395438731],[1.09148514],
[-0.36158818],[1.31382978],
[-0.710769832],[1.4233377],
[1.12151647],[1.58835065],
[-0.465197712],[1.04919672],
[-0.271018],[1.27374268],
[-0.659926534],[1.32004833],
[1.02282536],[1.49018574],
[-0.335057408],[1.04087019],
[-0.351415068],[1.21827304],
[-0.498377174],[1.24631989],
[0.863225758],[1.60092342],
[-0.391215324],[0.89927578],
[-0.50994879],[1.19971716],
[-0.437245518],[1.13153732],
[0.460736483],[0.964897871],
[0.0122249667],[0.37006852],
[-0.541461706],[1.17422736],
[-0.385699749],[1.10573792],
[0.433329672],[1.15873754],
[-0.0576916486],[0.416436434],
[-0.549228787],[1.18375957],
[-0.369730949],[1.1522069],
[0.707380831],[1.20877099],
[-0.0462955423],[0.606837213],
[-0.599483669],[1.18025637],
[-0.376553863],[1.11571705],
[0.490330666],[0.820603609],
[-0.0256568454],[0.31044212],
[-0.59375608],[1.16855335],
[-0.343025029],[1.0511291],
[0.216674939],[0.573889136],
[0.0132503835],[0.154459938],
[-0.569547713],[1.1730541],
[-0.349505216],[1.05981207],
[0.333337277],[1.05574679],
[-0.038028121],[0.367357582],
[-1.0378443],[1.50649369],
[-0.114861287],[1.54786539],
[0.758673966],[1.73008645],
[0.79061234],[1.12578857],
[-0.566763222],[1.27246225],
[-0.761470258],[1.51552355],
[0.839926958],[2.21694088],
[-0.983574033],[1.42132831],
[-0.543495715],[1.24121296],
[-0.711564898],[1.43077815],
[0.920344651],[1.99655735],
[-0.846368551],[1.40376389],
[-0.484131455],[1.2151773],
[-0.64392215],[1.39074588],
[0.88293761],[1.74355829],
[-0.630806327],[1.13201952],
[-0.438989222],[1.17634487],
[-0.564845145],[1.23473287],
[1.11836052],[1.47271049],
[-0.783593595],[1.11933672],
[-0.584455252],[1.1730125],
[-0.495267898],[1.38229549],
[0.946771085],[2.00699902],
[-0.646193385],[1.17666447],
[-0.598369539],[1.15515435],
[-0.440170646],[1.16038358],
[0.832299232],[1.36493218],
[-0.35609144],[0.808560967],
[-0.661598921],[1.17665243],
[-0.431791782],[1.20852149],
[0.854527175],[1.26450646],
[-0.507037163],[0.870949],
[-0.548527],[1.15434015],
[-0.392750025],[1.21242452],
[0.85383606],[1.314152],
[-0.482523173],[0.969884157],
[-0.700588763],[1.15889215],
[-0.366197139],[1.07435369],
[0.478291154],[0.939649522],
[-0.161458731],[0.486077875],
[-0.686044],[1.14985156],
[-0.426252812],[1.07580936],
[0.634895623],[1.02251947],
[-0.237067908],[0.647215068],
[-0.674971282],[1.14457488],
[-0.450734884],[1.07687485],
[0.705085337],[1.1830411],
[-0.438686252],[0.794904649],
[-0.676604271],[1.13656855],
[-0.481009752],[1.09468222],
[0.785767734],[1.10700202],
[-0.440193236],[0.776837707],
[-1.13027215],[1.3144294],
[-0.951639295],[1.7011137],
[-0.430621475],[2.25503588],
[-0.764458776],[1.24083281],
[-0.512259185],[0.987793922],
[-0.559934497],[1.19822979],
[0.701023102],[1.74360347],
[-1.59316814],[1.77074194],
[-0.453196317],[0.949107528],
[-0.521540761],[1.25289273],
[0.518767238],[1.81632733],
[-1.37275112],[1.63434196],
[-0.471239924],[0.943392694],
[-0.557741344],[1.27027655],
[0.106743887],[1.95385122],
[-1.04127538],[1.3316679],
[-1.11022902],[1.50406325],
[-1.2143153],[6.24499655],
[-0.387416363],[4.09876728],
[0.232422188],[2.00519586],
[1.48499823],[1.07419109],
[0.0470931493],[4.07351923],
[0.357492924],[1.09256637],
[0.313783109],[0.572980285],
[-0.39306134],[3.48978114],
[0.97492379],[1.06657732],
[-0.139690161],[0.570009351],
[0.294248641],[2.74217391],
[0.605763197],[1.01437724],
[-0.136697739],[0.41658029],
[0.386311918],[2.53595042],
[0.560855],[3.56322241],
[2.06598473],[5.99151516],
[2.05665088],[1.89804292],
[-0.159222633],[1.8188175],
[-0.25045082],[1.85256314],
[1.38243639],[2.13698387],
[-0.210489124],[0.893739223],
[-0.33085081],[1.81255472],
[-0.400739968],[1.67631185],
[1.76096761],[1.43275642],
[-0.343040615],[1.02313757],
[-0.511249125],[1.55159593],
[-0.410362065],[1.57382739],
[1.60598266],[1.80146492],
[-0.19902955],[1.14530802],
[-0.507728755],[1.78429317],
[-0.515687406],[1.66776609],
[2.00517774],[2.43801808],
[-0.33222878],[1.77781296],
[-0.287815094],[1.74360561],
[-0.638074875],[1.91643906],
[2.11011052],[1.54164767],
[-0.439893067],[1.40905702],
[-0.0586379096],[1.56250095],
[-0.613519371],[1.98237276],
[1.43757057],[1.85349345],
[-0.549792111],[1.17551911],
[0.716862321],[1.61944389],
[0.233367592],[2.61263514],
[-3.33755565],[0.980518937],
[0.0134794302],[0.0787788332],
[0.112603217],[1.55845],
[-0.962502599],[2.06008744],
[0.529669583],[2.33483315],
[-0.218820035],[0.98979938],
[-0.0873371437],[1.54525411],
[-0.823872685],[1.85842633],
[1.00195384],[2.19503856],
[-0.395029068],[1.28582799],
[-0.155083582],[1.57008994],
[-0.820456684],[1.76984036],
[1.32051134],[1.92268705],
[-0.307021022],[1.24908733],
[-0.305601209],[1.60012329],
[-0.751618445],[1.87783396],
[1.39986956],[1.80957985],
[-0.319773763],[1.26704407],
[-0.308831304],[1.3472712],
[-0.864208639],[1.58919382],
[1.09672356],[1.30928195],
[-0.0130215501],[0.744686663],
[-0.392837495],[1.30401516],
[-0.772017598],[1.41843879],
[0.448203892],[0.577695251],
[0.00192120683],[0.190628618],
[-0.556186259],[1.52240694],
[0.799470842],[2.39450598],
[-4.61118793],[0.922184],
[0.0110872928],[0.0456365123],
[-0.338133514],[1.39462709],
[-0.601829588],[1.51746118],
[1.45111787],[2.05900764],
[-0.634952843],[1.22599506],
[-0.343191415],[1.33592308],
[-0.515890539],[1.41122353],
[1.24083912],[2.27849507],
[-0.455071837],[1.15874314],
[-0.387262583],[1.3703475],
[-0.506786],[1.39270294],
[1.35740411],[2.08473349],
[-0.640438616],[1.31839097],
[-0.31334269],[1.25801682],
[-0.415233791],[1.31730413],
[1.02111053],[1.38052011],
[-0.27516669],[0.873818338],
[-0.355573356],[1.35088301],
[-0.414504826],[1.33111346],
[1.26904368],[1.76239836],
[-0.444851607],[1.14718342],
[-0.275162339],[1.20125],
[-0.34532398],[1.22272909],
[0.704815805],[1.43614519],
[-0.0484129898],[0.567408741],
[-0.286715925],[1.20833993],
[-0.38037467],[1.18983221],
[0.745343328],[1.09623957],
[-0.118530959],[0.535895],
[-0.25952661],[1.15548205],
[-0.320441931],[1.02564466],
[0.167735457],[0.570902944],
[-0.000114403978],[0.174268037],
[-0.27624166],[1.11701918],
[-0.302501678],[0.935596585],
[0.1895217],[0.426167905],
[-0.00955867488],[0.113712944],
[-0.0401731879],[1.80360663],
[-0.652617216],[1.89321113],
[0.801053226],[1.55133],
[0.498219877],[1.06936717],
[-0.377756208],[1.34639657],
[-0.693979442],[1.52233171],
[1.27249062],[2.10158563],
[-0.659717083],[1.40557],
[-0.30837661],[1.28439188],
[-0.670280397],[1.32424009],
[0.969462931],[1.3326906],
[-0.305819154],[0.94503808],
[-0.371152192],[1.22948611],
[-0.520210624],[1.22610211],
[0.741712093],[1.22784972],
[-0.261977404],[0.701797545],
[-0.53250885],[1.21232378],
[-0.441222429],[1.1516875],
[0.570382595],[1.05794907],
[-0.0629794896],[0.522697151],
[-0.561701655],[1.17771554],
[-0.398509711],[1.07482588],
[0.401639938],[1.07938969],
[-0.0588344894],[0.389744669],
[-0.560279191],[1.17976487],
[-0.383477628],[1.1489011],
[0.83597374],[1.15630174],
[-0.0625187531],[0.627297223],
[-0.59025389],[1.16088343],
[-0.399210602],[1.12891221],
[0.526372671],[0.799954891],
[-0.026886018],[0.333906323],
[-0.571547627],[1.1374799],
[-0.363536537],[1.04232228],
[0.186911583],[0.497291982],
[-0.00162712787],[0.13978745],
[-0.536185741],[1.13626158],
[-0.364234388],[1.05443585],
[0.388254583],[1.09016669],
[-0.0236916579],[0.376205891],
[-1.06210065],[1.5066843],
[-0.175791606],[1.611076],
[0.716100156],[1.71902239],
[0.65895015],[1.10737896],
[-0.623640656],[1.27324021],
[-0.805014253],[1.50744045],
[0.932907283],[2.06191468],
[-1.01954889],[1.43897009],
[-0.601563931],[1.23881495],
[-0.728167534],[1.43944371],
[0.92400986],[1.9488858],
[-0.755625784],[1.36348295],
[-0.499462605],[1.1805197],
[-0.685533345],[1.27098441],
[1.0391773],[1.16179037],
[-0.523396373],[1.01791716],
[-0.415125489],[1.1407398],
[-0.569869816],[1.22608018],
[1.07158029],[1.35831177],
[-0.726973057],[1.00910604],
[-0.594868302],[1.16583955],
[-0.52939564],[1.27267277],
[0.957074344],[1.87573695],
[-0.59955],[1.19480979],
[-0.591298461],[1.13567126],
[-0.468978375],[1.11363184],
[0.707528532],[1.38143981],
[-0.213449791],[0.759116054],
[-0.643278301],[1.14857721],
[-0.449415714],[1.24609649],
[0.896852791],[1.88838148],
[-0.505406618],[1.14662349],
[-0.516359746],[1.12745345],
[-0.416318446],[1.07739866],
[0.961653233],[1.29650056],
[-0.50926888],[0.997974694],
[-0.681196213],[1.13791168],
[-0.383966446],[1.05493331],
[0.475122303],[0.977990508],
[-0.164152011],[0.470923692],
[-0.686987758],[1.11397219],
[-0.448883474],[1.04314101],
[0.832236826],[1.55683649],
[-0.314284414],[1.03661084],
[-0.689079046],[1.12710869],
[-0.489534467],[1.09266734],
[0.793753147],[1.63342094],
[-0.56542182],[1.03892827],
[-0.673712194],[1.11356306],
[-0.514430165],[1.10269403],
[0.804118097],[1.39806616],
[-0.468639046],[0.896724],
[-1.11762869],[1.29509056],
[-0.986223459],[1.75053716],
[-0.376955271],[2.86477613],
[-0.965413928],[1.7133137],
[-0.573132873],[1.08438063],
[-0.53039825],[1.34646297],
[0.61895144],[2.53978848],
[-2.29009891],[2.66905904],
[-0.514029562],[1.02856982],
[-0.522719502],[1.33257949],
[0.419856548],[2.50822783],
[-1.99527991],[2.34597754],
[-0.531435132],[1.0050739],
[-0.575792611],[1.25748014],
[0.146167099],[2.17833662],
[-1.30625153],[1.59386408],
[-1.41164935],[1.56933343],
[-1.2826246],[6.25836611],
[-0.402414769],[4.08530188],
[0.23337017],[2.04788327],
[1.52618313],[1.1257813],
[-0.117033847],[4.13467312],
[0.46458137],[1.14695895],
[0.38601923],[0.613492906],
[-0.335853428],[3.46776152],
[0.871581674],[1.99655783],
[-0.133796766],[0.783575058],
[0.36534974],[2.51391387],
[0.469537914],[0.786414921],
[-0.094510965],[0.324534118],
[0.346522629],[2.43031216],
[0.535945594],[3.34036136],
[2.42199516],[4.42264795],
[2.1269691],[1.64870453],
[-0.084281154],[1.67907584],
[-0.19205378],[1.77726138],
[1.38909042],[1.65135646],
[-0.165865],[0.737046838],
[-0.253858],[1.69884694],
[-0.360748857],[1.70913],
[1.88985062],[1.80774713],
[-0.373260856],[1.18398595],
[-0.4166058],[1.51701748],
[-0.420028],[1.59008956],
[1.66700649],[1.29143572],
[-0.177619338],[1.04433107],
[-0.400266588],[1.69419181],
[-0.485105664],[1.6468147],
[1.90877056],[2.36964893],
[-0.324745357],[1.71549523],
[-0.207975745],[1.67628229],
[-0.618235409],[1.94280124],
[2.12044573],[1.68656445],
[-0.484669209],[1.48522139],
[0.000415878749],[1.47048199],
[-0.627815187],[1.89759886],
[1.39074469],[2.06102061],
[-0.552191317],[1.28798127],
[0.711993754],[1.55127323],
[0.266670376],[2.52920151],
[-3.38068271],[0.949865639],
[0.0125298267],[0.0796772167],
[0.147779405],[1.45413923],
[-0.961285114],[1.89287448],
[0.290781736],[2.43072891],
[-0.234314278],[0.944353044],
[-0.0531583615],[1.48921502],
[-0.83838743],[1.80981338],
[1.00389266],[2.32714558],
[-0.439658552],[1.36175275],
[-0.104613237],[1.51302862],
[-0.817077696],[1.77521193],
[1.14606023],[2.58244896],
[-0.347531229],[1.40545475],
[-0.275976241],[1.56807709],
[-0.767217755],[1.77561486],
[1.43476939],[1.66411793],
[-0.29495433],[1.19980407],
[-0.31784],[1.3331331],
[-0.872309804],[1.5030818],
[1.03365231],[1.11823475],
[-0.0190728791],[0.711963773],
[-0.416232169],[1.29698062],
[-0.770767272],[1.37782121],
[0.487016678],[0.686024129],
[-0.0107984459],[0.254522264],
[-0.602289736],[1.5239017],
[0.817194104],[2.32290268],
[-4.22984219],[1.14494526],
[0.0170916095],[0.0506996699],
[-0.331305176],[1.37792516],
[-0.560836196],[1.48285508],
[1.52665257],[1.94834113],
[-0.612480104],[1.18388653],
[-0.359388],[1.31226742],
[-0.446127027],[1.41829073],
[1.17939818],[2.51336241],
[-0.436904848],[1.20196033],
[-0.393078774],[1.35342765],
[-0.499503732],[1.29835141],
[1.3163054],[1.71185625],
[-0.550058365],[1.11411166],
[-0.332397848],[1.25936747],
[-0.388831973],[1.32331455],
[1.0699265],[1.75552034],
[-0.306484431],[1.02033114],
[-0.375848532],[1.34228337],
[-0.397956312],[1.26345754],
[1.20705473],[1.71404958],
[-0.437268823],[1.16823208],
[-0.292023689],[1.18839431],
[-0.321763724],[1.14592278],
[0.642046928],[1.18278706],
[-0.0277721789],[0.445750773],
[-0.298931897],[1.19552207],
[-0.34596175],[1.20177591],
[0.820576668],[1.4803561],
[-0.125014126],[0.699634],
[-0.262070596],[1.1396668],
[-0.289285243],[1.01437342],
[0.162423745],[0.573429167],
[0.00149798044],[0.170071185],
[-0.277161211],[1.10339057],
[-0.277853727],[0.957382143],
[0.211077213],[0.496332586],
[-0.0112406677],[0.134233728],
[-0.0719950795],[1.78206062],
[-0.633845806],[1.86135018],
[0.682100356],[1.62441289],
[0.516934752],[1.09299278],
[-0.374660879],[1.35839677],
[-0.676610589],[1.54165101],
[1.18377554],[2.26514626],
[-0.650009871],[1.41848934],
[-0.336724341],[1.29864705],
[-0.644205093],[1.32384992],
[1.03729081],[1.50072014],
[-0.322161347],[1.02932644],
[-0.40813151],[1.25040901],
[-0.508263767],[1.25059199],
[0.889554381],[1.48353493],
[-0.327531874],[0.87853843],
[-0.548971832],[1.23870122],
[-0.432033628],[1.19624376],
[0.680974066],[1.438375],
[-0.0925379843],[0.664192319],
[-0.587973654],[1.19793701],
[-0.408214778],[1.0732044],
[0.309135348],[0.598275781],
[-0.0175355934],[0.207155],
[-0.592608571],[1.21333516],
[-0.395152032],[1.1693064],
[0.739318967],[1.27113366],
[-0.0356919654],[0.597517848],
[-0.632797599],[1.18989336],
[-0.395744711],[1.14092362],
[0.583474576],[0.877343416],
[-0.0166508928],[0.370276064],
[-0.596410513],[1.16661155],
[-0.365584731],[1.05374217],
[0.179630831],[0.492134571],
[0.0149751203],[0.138890088],
[-0.568266809],[1.15684545],
[-0.376126945],[1.06743288],
[0.303548068],[0.791087],
[0.00713910535],[0.267195076],
[-1.13122213],[1.53193188],
[-0.195929199],[1.6079973],
[0.654554486],[1.57901406],
[0.665425181],[1.03983438],
[-0.627554297],[1.27388012],
[-0.790341437],[1.54993498],
[1.00711894],[2.46939373],
[-1.09161139],[1.73257029],
[-0.614119768],[1.2562964],
[-0.743617654],[1.46715903],
[0.841913164],[2.06391025],
[-0.727315843],[1.38169062],
[-0.548545301],[1.21676111],
[-0.68840313],[1.29866767],
[1.13298678],[1.3346442],
[-0.602808297],[1.19868302],
[-0.480207324],[1.18760896],
[-0.570237756],[1.25181174],
[1.18885076],[1.46848333],
[-0.769665778],[1.12879729],
[-0.657695353],[1.21532094],
[-0.531015575],[1.26337564],
[0.91686815],[1.66917431],
[-0.558168888],[1.05932593],
[-0.658182144],[1.1869756],
[-0.4632999],[1.13336754],
[0.773721874],[1.38269138],
[-0.24931857],[0.773595],
[-0.720014334],[1.21006954],
[-0.445608258],[1.20137131],
[1.00784469],[1.38862801],
[-0.518044233],[0.977417588],
[-0.591928065],[1.18044329],
[-0.408388913],[1.00242925],
[0.916227579],[1.07608902],
[-0.476555467],[0.874492586],
[-0.751732647],[1.18189955],
[-0.371078342],[1.09148276],
[0.551591337],[1.42702019],
[-0.237683833],[0.714680433],
[-0.747323632],[1.15812182],
[-0.449881256],[1.0386461],
[0.720035791],[1.20617414],
[-0.250185519],[0.752981782],
[-0.739519536],[1.16725171],
[-0.481124371],[1.10382926],
[0.751366436],[1.24855125],
[-0.464381695],[0.792377591],
[-0.733580828],[1.14885628],
[-0.503011346],[1.1166029],
[0.839044273],[1.48114634],
[-0.519954205],[0.952494204],
[-1.24625862],[1.36719871],
[-1.00408566],[1.7242558],
[-0.409541845],[2.53111053],
[-0.740491152],[1.46813416],
[-0.569503367],[1.08552885],
[-0.555338264],[1.26220858],
[0.564090133],[2.05272317],
[-1.72865987],[2.04792023],
[-0.549715102],[1.05573726],
[-0.54668951],[1.20070148],
[0.614563584],[1.93128741],
[-1.6558919],[2.06365442],
[-0.529610038],[1.03646946],
[-0.566304684],[1.17765832],
[0.197470933],[1.90875816],
[-1.16743851],[1.4249227],
[-1.18305361],[1.53775597],
[-1.44163549],[6.17198324],
[-0.344661206],[3.91397166],
[0.437115967],[1.98318398],
[1.68559861],[1.16702116],
[-0.159524783],[4.06696844],
[0.543961227],[1.21815288],
[0.404949933],[0.685935259],
[-0.39741987],[3.35447168],
[0.955697536],[0.800051749],
[-0.0866517872],[0.487010688],
[0.177367806],[2.69194508],
[0.74502331],[0.780837],
[-0.0455575064],[0.380715251],
[0.363558799],[2.4479115],
[0.515931129],[3.20891142],
[2.21181893],[3.8622],
[1.98044026],[1.46134198],
[-0.101406239],[1.67647445],
[-0.21377185],[1.7823689],
[1.43454838],[1.6748867],
[-0.21070151],[0.812168181],
[-0.256749213],[1.74054253],
[-0.359278351],[1.85508668],
[2.14193988],[1.51826668],
[-0.408807427],[1.23700404],
[-0.392603427],[1.5358355],
[-0.385104],[1.73385763],
[1.69267547],[2.18475223],
[-0.269702882],[1.33206189],
[-0.388510197],[1.73371351],
[-0.493791163],[1.7194351],
[2.03220105],[2.34727812],
[-0.245723888],[1.66387117],
[-0.169415072],[1.64165723],
[-0.617386341],[2.01137638],
[2.14890838],[1.89132881],
[-0.482418478],[1.48688698],
[0.0187454242],[1.48866296],
[-0.558993518],[2.10578966],
[1.53958559],[2.46145654],
[-0.591536582],[1.38544488],
[0.700431943],[1.61996102],
[0.25838083],[2.63982725],
[-3.60817146],[0.893456936],
[0.00850914698],[0.0764764473],
[0.117209688],[1.49813533],
[-0.935693681],[2.07694077],
[0.232707947],[2.83279562],
[-0.271527648],[0.992708504],
[-0.113914765],[1.51239789],
[-0.822535],[1.99988496],
[0.835052133],[2.16364288],
[-0.372020036],[1.17833304],
[-0.160503313],[1.55416644],
[-0.790553451],[2.0366683],
[1.23704529],[2.45661473],
[-0.462854],[1.38964331],
[-0.332125545],[1.58021295],
[-0.742385745],[2.01191711],
[1.34385931],[1.97100568],
[-0.296490252],[1.22764015],
[-0.366523],[1.35704732],
[-0.886300623],[1.5156697],
[0.994641304],[1.09883952],
[-0.00187255687],[0.665410638],
[-0.440649062],[1.33577478],
[-0.765442848],[1.44836068],
[0.543427348],[1.08912253],
[-0.0799144208],[0.394836038],
[-0.56746304],[1.62881899],
[0.780483],[2.49793696],
[-4.97712612],[1.4027307],
[0.00913427304],[0.0455954224],
[-0.336519271],[1.40779209],
[-0.571635664],[1.62622094],
[1.42420077],[2.4861846],
[-0.724942505],[1.42409623],
[-0.373364449],[1.35108697],
[-0.491934896],[1.48725641],
[1.29176784],[2.22703767],
[-0.443321377],[1.15217853],
[-0.406806439],[1.39465678],
[-0.485682845],[1.4500351],
[1.26547599],[1.97352123],
[-0.626774669],[1.26156569],
[-0.371729493],[1.28557265],
[-0.394857854],[1.2967732],
[1.05832076],[1.66746414],
[-0.317512721],[0.94178015],
[-0.40389055],[1.40049636],
[-0.394334435],[1.39068103],
[1.22676528],[1.85770965],
[-0.446478248],[1.17958105],
[-0.352179557],[1.23189712],
[-0.335480779],[1.14426041],
[0.480051368],[1.06866515],
[-0.0369390398],[0.364463598],
[-0.348556578],[1.22276223],
[-0.351078361],[1.21624732],
[0.809346855],[1.49932039],
[-0.147358716],[0.684899032],
[-0.309240967],[1.17672145],
[-0.291024864],[1.06529927],
[0.205712557],[0.747315526],
[-0.00130229141],[0.22778821],
[-0.324810445],[1.14294279],
[-0.286985964],[0.984703481],
[0.254691869],[0.625880361],
[-0.0217832327],[0.203661397],
[-0.0402063],[1.78145623],
[-0.622385085],[1.88517559],
[0.552773774],[1.5920099],
[0.464791507],[1.05553174],
[-0.32856819],[1.34155786],
[-0.702961326],[1.5124675],
[1.0662353],[1.89352238],
[-0.602945328],[1.23676872],
[-0.278220892],[1.29933655],
[-0.646140277],[1.37949765],
[1.13679194],[2.23446369],
[-0.388737738],[1.23095715],
[-0.389817],[1.26090324],
[-0.508216202],[1.22885549],
[0.851684034],[1.38852417],
[-0.341572165],[0.810450733],
[-0.535683393],[1.24446499],
[-0.434506148],[1.11963093],
[0.546325386],[0.737037122],
[-0.0243383646],[0.350272],
[-0.558938742],[1.20479536],
[-0.397506148],[1.07188225],
[0.354469299],[0.704941213],
[-0.0224042255],[0.262239128],
[-0.565415502],[1.22164118],
[-0.375430316],[1.16661739],
[0.845989764],[1.30889726],
[-0.0485142656],[0.67925626],
[-0.602428436],[1.20285976],
[-0.377407759],[1.13667333],
[0.542622566],[0.871109307],
[-0.0296389349],[0.341862977],
[-0.588366807],[1.17314065],
[-0.355386496],[1.04775989],
[0.139171362],[0.395706803],
[0.0128317317],[0.0951945484],
[-0.567844689],[1.17140675],
[-0.35737595],[1.06070256],
[0.312834293],[0.859258652],
[-0.0523503274],[0.294358552],
[-1.08739078],[1.53377259],
[-0.161157578],[1.5944103],
[0.537604451],[1.90435493],
[0.821812153],[1.09341836],
[-0.595041275],[1.27299547],
[-0.753747225],[1.52635503],
[0.878287315],[2.66465211],
[-1.21028602],[1.71304786],
[-0.591975],[1.25887585],
[-0.720117152],[1.44070101],
[0.967733085],[2.41048741],
[-0.934886932],[1.62083817],
[-0.548637509],[1.25296175],
[-0.640172243],[1.39920163],
[1.01083148],[1.98464191],
[-0.842665],[1.27954137],
[-0.49629432],[1.2098937],
[-0.560173929],[1.2903738],
[1.2029314],[1.72780979],
[-0.954916],[1.26113117],
[-0.651011169],[1.21694624],
[-0.514587522],[1.2745173],
[0.935186684],[1.82680309],
[-0.822465837],[1.17924213],
[-0.630324483],[1.18273723],
[-0.450519741],[1.13569295],
[0.808584213],[1.20003676],
[-0.392160535],[0.734029114],
[-0.658187],[1.19163573],
[-0.443444431],[1.2326287],
[0.842137337],[1.34630311],
[-0.563753784],[0.868820548],
[-0.527408779],[1.17133248],
[-0.392410755],[1.13328564],
[0.963648856],[1.41870165],
[-0.560329556],[1.08458352],
[-0.700016499],[1.19197464],
[-0.359654784],[1.07545531],
[0.483919054],[0.987202525],
[-0.180321664],[0.509050131],
[-0.689182],[1.18183255],
[-0.409816146],[1.11515808],
[0.546851933],[1.26377952],
[-0.254054338],[0.644062519],
[-0.705453038],[1.1945833],
[-0.444737434],[1.20519006],
[0.733556509],[1.57085931],
[-0.505189657],[0.915031731],
[-0.712822318],[1.16761482],
[-0.462786168],[1.19026709],
[0.68099767],[1.31900358],
[-0.383964419],[0.737135231],
[-1.22437263],[1.35744238],
[-0.991056442],[1.70687616],
[-0.404117465],[2.44524932],
[-0.912003815],[1.47746551],
[-0.538081408],[1.03042316],
[-0.530790091],[1.31306398],
[0.568445563],[2.06637383],
[-1.79099834],[2.04632592],
[-0.498885512],[1.00198555],
[-0.520000458],[1.26016414],
[0.575918317],[1.9757936],
[-1.66712439],[1.94651544],
[-0.512883425],[0.987241149],
[-0.577635705],[1.19602835],
[0.250390977],[1.61201835],
[-1.023206],[1.21610236],
[-1.16759479],[1.46281779],]

means = a[::2]
stds = a[1::2]

print(f'Mean: {np.mean(means)}, stds: {np.mean(stds)}') 
