[5760000]
[5760000]
[16]
[2880000]
[8]
[2880000]
[8]
[2880000]
[8]
[17280000]
[4320000]
[8]
[6480000]
[6480000]
[12]
[6480000]
[6480000]
[12]
[6480000]
[6480000]
[12]
[6480000]
[6480000]
[12]
[6480000]
[6480000]
[12]
[6480000]
[6480000]
[12]
[6480000]
[1620000]
[12]
[2700000]
[2700000]
[20]
[2700000]
[2700000]
[20]
[2700000]
[2700000]
[20]
[2700000]
[2700000]
[20]
[2700000]
[2700000]
[20]
[2700000]
[2700000]
[20]
[2700000]
[693120]
[20]
[1386240]
[1386240]
[40]
[1386240]
[1386240]
[40]
[1386240]
[1386240]
[40]
[1386240]
[1386240]
[40]
[1386240]
[1386240]
[40]
[1386240]
[1386240]
[40]
[1386240]
[1386240]
[40]
[1386240]
[1386240]
[40]
[1386240]
[1386240]
[40]
[1386240]
[1386240]
[40]
[1940736]
[1940736]
[56]
[1940736]
[1940736]
[56]
[1940736]
[1940736]
[56]
[1940736]
[1940736]
[56]
[1940736]
[1940736]
[56]
[1940736]
[1940736]
[56]
[1940736]
[1940736]
[56]
[1940736]
[1940736]
[56]
[1940736]
[1940736]
[56]
[1940736]
[485184]
[56]
[831744]
[831744]
[96]
[831744]
[831744]
[96]
[831744]
[831744]
[96]
[831744]
[831744]
[96]
[831744]
[831744]
[96]
[831744]
[831744]
[96]
[831744]
[831744]
[96]
[831744]
[831744]
[96]
[831744]
[831744]
[96]
[831744]
[831744]
[96]
[831744]
[831744]
[96]
[831744]
[831744]
[96]
[831744]
[831744]
[96]
[1386240]
[1386240]
[160]
[1386240]
[1386240]
[160]
[1386240]
[1386240]
[160]
[924160]
predicted class for image /calc/SHARED/imagenet/validation/ILSVRC2012_val_00000006.JPEG: 
  -> top_0 (20.77%): night snake, Hypsiglena torquata  
  -> top_1 (18.14%): diamondback, diamondback rattlesnake, Crotalus adamanteus  
  -> top_2 (17.54%): sea snake  
  -> top_3 (10.22%): sidewinder, horned rattlesnake, Crotalus cerastes  
  -> top_4 (6.31%): garter snake, grass snake  
