import numpy as np

a = [0,
9,
3697,
63021,
293282,
613343,
654567,
693477,
707691,
716774,
0,
22,
981,
30740,
197037,
437466,
485367,
521272,
547203,
555764,
0,
155,
10971,
144908,
402355,
490578,
535407,
561694,
574369,
580178,
0,
0,
200,
11323,
95120,
183831,
217059,
233601,
240784,
245457,
0,
0,
678,
28628,
145093,
200008,
225425,
237164,
243477,
247195,
0,
0,
3,
864,
13093,
37309,
52225,
59047,
62870,
64693,
153,
4705,
27653,
57899,
75058,
83862,
88128,
90193,
90714,
91597,
0,
32,
3178,
60448,
301663,
622026,
663963,
700175,
713087,
722271,
0,
13,
1098,
27970,
191643,
432560,
479922,
518198,
540608,
550042,
0,
102,
9381,
141021,
404900,
493773,
537397,
561901,
574655,
580471,
0,
1,
151,
10603,
94341,
185184,
219172,
234418,
243720,
247859,
0,
1,
603,
28048,
144404,
200732,
226397,
237853,
244165,
246547,
0,
0,
2,
886,
13323,
38005,
52945,
59976,
64002,
65702,
152,
4974,
28917,
58670,
76196,
84284,
89391,
91006,
92416,
92859,
0,
34,
3999,
60547,
306438,
609188,
654582,
689409,
703638,
713733,
0,
12,
1029,
31521,
198342,
430599,
480231,
517176,
540187,
548012,
0,
177,
11369,
147225,
406183,
497355,
538805,
564217,
576679,
582300,
0,
0,
171,
11246,
95093,
183447,
217050,
232727,
241722,
245109,
0,
2,
582,
27332,
144946,
200131,
225890,
237755,
244270,
247287,
0,
0,
1,
862,
13379,
37728,
52947,
60472,
64017,
66197,
140,
5033,
28389,
58202,
75421,
84398,
88554,
90716,
92098,
92430,
0,
17,
3266,
58716,
297675,
609730,
656435,
690453,
705635,
713541,
0,
4,
714,
28125,
197715,
429280,
485242,
524172,
543167,
553284,
0,
127,
9794,
145508,
411788,
498484,
544693,
567101,
579811,
585746,
0,
0,
151,
10836,
94068,
183416,
216445,
232386,
240626,
244290,
0,
2,
579,
27575,
144410,
199850,
225277,
237408,
242293,
246170,
0,
0,
3,
874,
13438,
38307,
53122,
59964,
63963,
65912,
189,
5135,
28648,
57953,
75300,
83671,
88234,
90612,
91504,
92540,
0,
34,
3723,
60568,
297025,
623068,
658274,
693578,
708761,
718192,
0,
5,
1038,
30455,
196341,
433055,
479363,
519991,
540450,
549744,
0,
128,
10569,
141687,
405770,
492255,
535581,
559330,
573203,
577852,
0,
0,
120,
10713,
94024,
184079,
217887,
234200,
242619,
247525,
0,
3,
487,
27607,
145677,
200954,
225949,
238748,
245306,
248041,
0,
0,
6,
833,
13056,
38204,
53034,
60510,
64324,
65629,
199,
4908,
28328,
58648,
76080,
84812,
89264,
91705,
92822,
93349,
0,
20,
3228,
56756,
293169,
613050,
656492,
693013,
708044,
716086,
0,
6,
809,
25906,
191798,
432593,
486380,
523523,
542838,
553447,
0,
145,
8912,
144191,
409367,
501584,
543617,
568482,
580490,
586755,
0,
0,
160,
10291,
93096,
183452,
216967,
233443,
241079,
245737,
0,
7,
607,
27886,
145112,
199686,
225880,
237922,
243924,
247167,
0,
0,
9,
705,
13114,
38201,
52516,
60221,
64058,
65874,
148,
4805,
28261,
58351,
75634,
84756,
89129,
91303,
92480,
93244,
0,
48,
4263,
66247,
302044,
607559,
652502,
687534,
702910,
711438,
0,
7,
1144,
32498,
198227,
429522,
481125,
516944,
539995,
549183,
0,
199,
12014,
150223,
408921,
496017,
539571,
565192,
576558,
583001,
0,
0,
192,
11682,
94430,
182675,
215773,
231356,
239711,
242959,
0,
4,
666,
28347,
143299,
198142,
223402,
235244,
240745,
244224,
0,
0,
8,
857,
12911,
37569,
52311,
59904,
63305,
64848,
132,
4839,
27764,
57652,
74563,
83345,
87475,
89729,
91244,
91412,
0,
7,
4020,
65286,
314946,
608749,
653208,
692672,
705749,
715129,
0,
3,
904,
31288,
200274,
427363,
479907,
517192,
536802,
545343,
0,
110,
11351,
146453,
407912,
492246,
536774,
562937,
573841,
579803,
0,
0,
123,
11286,
95592,
183553,
217218,
233286,
241455,
245654,
0,
1,
530,
27732,
144543,
199022,
224649,
235886,
242341,
245572,
0,
0,
1,
802,
12790,
37271,
52091,
59060,
62713,
64476,
208,
5100,
28164,
58594,
76095,
84773,
89490,
91451,
92501,
93097,
0,
24,
3739,
59662,
300221,
613702,
657739,
691638,
705483,
715103,
0,
1,
999,
29558,
199726,
434485,
487823,
524645,
545190,
553560,
0,
134,
9673,
142342,
402765,
493152,
536351,
561330,
573604,
579474,
0,
0,
145,
10503,
95084,
184970,
217932,
234816,
242604,
246838,
0,
0,
552,
28273,
145645,
200685,
226202,
239170,
244442,
247678,
0,
0,
8,
898,
13449,
38432,
53230,
60500,
64116,
65471,
156,
5049,
28631,
58607,
75915,
84609,
89108,
90747,
91852,
92889,
0,
15,
3499,
61778,
298268,
626611,
667330,
703110,
719177,
726326,
0,
3,
850,
28394,
190942,
425988,
478137,
516227,
539186,
547655,
0,
92,
9842,
144230,
406980,
496576,
539751,
564332,
577945,
583044,
0,
0,
137,
11056,
94521,
183989,
217798,
235054,
243001,
247459,
0,
0,
585,
28014,
143033,
199194,
224234,
236957,
242341,
245770,
0,
0,
6,
912,
13263,
37557,
52398,
59651,
63017,
64879,
243,
5296,
28582,
59327,
76479,
84857,
88814,
91214,
92442,
93274,
0,
11,
3355,
61637,
301055,
627532,
666174,
699754,
712795,
720334,
0,
8,
953,
29113,
192815,
424190,
477114,
516202,
536234,
545673,
0,
128,
9814,
145091,
408047,
498044,
541485,
565267,
576195,
583224,
0,
0,
107,
10701,
93586,
183133,
215771,
232572,
240845,
244934,
0,
3,
516,
27194,
142993,
198236,
223180,
236045,
240812,
244094,
0,
0,
9,
861,
12776,
37435,
52121,
58894,
62774,
64242,
215,
5130,
28244,
57771,
75249,
84007,
88524,
90527,
91616,
91874,
0,
2,
3221,
60695,
295164,
607141,
652462,
689757,
705940,
714105,
0,
2,
657,
28758,
197480,
428750,
479424,
519143,
539808,
549661,
0,
63,
9834,
145660,
410525,
497957,
542961,
566894,
579041,
584742,
0,
0,
95,
10454,
93606,
182128,
215816,
231591,
240108,
244580,
0,
0,
469,
27317,
143105,
199224,
225132,
237613,
243905,
246482,
0,
0,
3,
780,
12960,
38086,
53038,
60232,
63799,
65880,
154,
4973,
28297,
58600,
75593,
84265,
87959,
90894,
91795,
92028,
0,
17,
3919,
66568,
300286,
604177,
652017,
687298,
702637,
711436,
0,
8,
1000,
30384,
200645,
429954,
482542,
522089,
540650,
550509,
0,
88,
10054,
143919,
404067,
495819,
537308,
559957,
573655,
578633,
0,
0,
107,
10554,
94851,
184118,
217866,
233456,
241039,
245573,
0,
0,
489,
27781,
144842,
201319,
226289,
238102,
245104,
247160,
0,
0,
8,
761,
13094,
38137,
53249,
60654,
64144,
65549,
131,
4638,
27955,
57966,
75488,
84285,
88461,
90467,
91430,
92212,
0,
17,
4208,
67724,
310290,
609558,
659926,
692295,
704931,
712539,
0,
6,
1101,
31976,
201192,
427373,
480377,
517555,
537437,
546484,
0,
201,
11494,
146963,
406107,
496723,
538464,
563573,
573170,
579017,
0,
0,
226,
11838,
95459,
184181,
216791,
232491,
240752,
244307,
0,
7,
706,
28551,
144307,
198508,
223475,
235962,
241730,
244701,
0,
0,
9,
855,
12820,
37256,
51960,
59195,
62496,
63948,
169,
4864,
27623,
57820,
75016,
83372,
88191,
90494,
91222,
92309,
0,
34,
3233,
58789,
296754,
624829,
661633,
699608,
711876,
720248,
0,
6,
786,
27152,
190744,
432572,
479116,
518068,
540530,
549170,
0,
84,
8956,
144429,
405325,
498377,
543531,
566356,
578358,
583550,
0,
0,
97,
10654,
94494,
183000,
216216,
232563,
240884,
245038,
0,
1,
553,
28056,
144110,
198188,
223908,
236462,
242797,
245518,
0,
0,
2,
861,
13407,
37922,
52860,
59510,
63287,
65192,
175,
5221,
28622,
58894,
75964,
84309,
89083,
91077,
92171,
92603,
0,
22,
3398,
65120,
311745,
608647,
655452,
691602,
705743,
713954,
0,
1,
827,
29968,
200630,
424440,
483404,
520811,
539718,
548493,
0,
89,
9979,
143321,
406569,
494132,
537385,
561805,
572852,
580828,
0,
0,
96,
10731,
95282,
183439,
216707,
233294,
240724,
245389,
0,
1,
504,
27701,
144835,
200528,
225917,
237795,
244360,
246747,
0,
0,
3,
803,
13082,
38218,
53137,
60337,
64124,
66067,
163,
4808,
28586,
58765,
75673,
85082,
89482,
91153,
92322,
93048,
0,
53,
3853,
59329,
296019,
622094,
663224,
701135,
713596,
721664,
0,
11,
1053,
29454,
193144,
434736,
481545,
519340,
543523,
551793,
0,
151,
10190,
143181,
405997,
495725,
540295,
564498,
576098,
582465,
0,
0,
166,
11031,
94911,
183396,
218234,
233759,
241859,
246090,
0,
0,
605,
28089,
143606,
199130,
224604,
236787,
242353,
245270,
0,
0,
4,
866,
12785,
36948,
52094,
59645,
62656,
64734,
140,
4737,
27737,
57393,
74757,
83616,
88078,
90093,
91096,
91835,
0,
37,
4004,
63879,
283119,
614001,
654495,
693589,
707924,
716633,
0,
41,
1066,
29977,
196904,
429796,
482434,
522856,
542758,
552547,
0,
133,
11034,
145431,
409023,
496120,
540900,
564669,
577333,
583387,
0,
1,
174,
11100,
94280,
183531,
218380,
234177,
241707,
246147,
0,
2,
608,
27844,
144686,
200205,
225349,
237454,
243429,
246998,
0,
0,
3,
950,
13146,
37907,
52710,
59977,
63915,
64769,
217,
5288,
28892,
57980,
75304,
84212,
88689,
90786,
91780,
92130,
0,
20,
4134,
61678,
296158,
618932,
660368,
696350,
712744,
721944,
0,
2,
988,
29822,
190955,
427933,
481601,
518665,
540999,
551026,
0,
109,
10232,
143379,
405700,
495991,
541046,
563862,
577603,
585506,
0,
0,
153,
10671,
92975,
183243,
216889,
233172,
240785,
244699,
0,
2,
576,
27289,
143691,
198912,
223844,
236644,
243034,
246284,
0,
0,
4,
851,
12780,
37422,
52374,
59805,
63568,
64820,
142,
4839,
27457,
57276,
74522,
82977,
87626,
89996,
90958,
91646,
0,
13,
3692,
62737,
298097,
619490,
657377,
691730,
708839,
714648,
0,
0,
970,
31103,
198009,
425277,
477231,
514242,
534063,
544808,
0,
125,
10746,
146593,
407157,
496890,
539545,
562521,
575930,
581627,
0,
0,
111,
11024,
95149,
183959,
218054,
233413,
241117,
245229,
0,
0,
490,
28059,
144808,
200041,
224762,
237032,
243182,
245734,
0,
0,
5,
803,
13092,
38024,
52890,
60339,
63856,
65522,
144,
4487,
27453,
57680,
75211,
83304,
87958,
90034,
90985,
91464,
0,
42,
3918,
61968,
304808,
604054,
649356,
687269,
701993,
707759,
0,
11,
1026,
29604,
200216,
428987,
485783,
522039,
542721,
551144,
0,
161,
10588,
144229,
410933,
497549,
542951,
566534,
576640,
582674,
0,
0,
129,
10606,
93720,
181825,
215512,
231625,
240035,
243593,
0,
2,
617,
27080,
144436,
199971,
225742,
237062,
244246,
246860,
0,
0,
2,
839,
12949,
38027,
53322,
60037,
63975,
65675,
170,
4763,
27816,
57920,
75187,
83755,
88000,
89909,
90974,
92130,
0,
31,
3182,
57798,
290891,
613243,
654474,
692524,
706480,
715976,
0,
12,
824,
27301,
191493,
436272,
481216,
521878,
544838,
553660,
0,
86,
9171,
144713,
407537,
493781,
541820,
567051,
578378,
585462,
0,
0,
125,
10449,
93950,
181870,
216037,
231266,
239739,
244046,
0,
0,
529,
27446,
143307,
199040,
224249,
237666,
243310,
245741,
0,
0,
6,
872,
12868,
37469,
52031,
59010,
62557,
64256,
154,
4774,
27828,
57656,
75309,
84369,
88413,
90700,
91823,
92594,
0,
32,
3788,
64148,
297528,
612092,
657672,
695849,
712348,
715481,
0,
22,
1018,
30265,
198094,
431935,
483038,
519577,
542654,
550864,
0,
121,
10305,
143766,
403250,
490712,
535737,
561752,
573600,
580721,
0,
0,
124,
10900,
95911,
184227,
216713,
233638,
240803,
245299,
0,
2,
548,
27949,
144475,
200347,
225096,
237630,
243294,
246358,
0,
0,
4,
845,
13141,
37982,
52717,
59838,
63309,
65196,
188,
4718,
27801,
57635,
75061,
83666,
88026,
90014,
91117,
91984,
0,
48,
4199,
67924,
304124,
616411,
662894,
693986,
710765,
719628,
0,
18,
1112,
30588,
195765,
427524,
485082,
524437,
541825,
552194,
0,
95,
10311,
143229,
402559,
491359,
537835,
561068,
573127,
579610,
0,
0,
98,
10419,
93912,
185883,
217875,
234475,
242428,
246301,
0,
1,
493,
26584,
142402,
198338,
223505,
235531,
242821,
245206,
0,
0,
6,
765,
12671,
37415,
52144,
59051,
63302,
64756,
164,
4565,
27591,
58309,
75065,
84172,
88678,
90860,
92140,
92320,
1,
45,
4081,
65670,
306860,
614475,
659755,
694668,
708182,
716348,
3,
25,
1181,
31311,
198487,
428165,
478676,
517349,
539379,
548233,
2,
161,
10315,
145019,
406796,
493397,
534724,
559079,
571251,
576492,
0,
1,
140,
11121,
95385,
184290,
218613,
234303,
241948,
247202,
0,
4,
566,
27490,
143627,
199566,
224769,
236926,
243238,
246240,
0,
0,
11,
835,
12981,
37966,
52704,
60211,
63715,
65409,
196,
4758,
28495,
58666,
75890,
84711,
88939,
91498,
92305,
92919,
0,
13,
3824,
63447,
294455,
617355,
658778,
697002,
709458,
719536,
0,
11,
1100,
29758,
198813,
431439,
486933,
526547,
544695,
554975,
0,
105,
10338,
143471,
400531,
490855,
537417,
560156,
574045,
578816,
0,
1,
182,
10899,
95930,
184075,
216990,
233682,
242011,
245369,
0,
2,
720,
28415,
145692,
200722,
225349,
237542,
243531,
246799,
0,
0,
8,
910,
13299,
38273,
52540,
60046,
63590,
64949,
144,
5117,
28505,
58344,
75221,
84009,
88177,
90922,
91360,
92183,
5,
65,
3790,
61811,
291339,
613784,
660785,
695016,
710311,
718443,
2,
22,
1031,
28292,
191523,
429952,
481761,
520157,
542589,
550837,
2,
131,
9753,
143748,
408431,
497149,
541469,
566409,
578506,
584565,
0,
2,
139,
10947,
93239,
183115,
216870,
233757,
240273,
245321,
0,
7,
668,
28167,
143481,
199385,
225038,
236880,
242639,
245729,
0,
0,
6,
966,
12951,
37778,
52270,
59369,
63101,
64816,
245,
5106,
27942,
57551,
74932,
83529,
87676,
89944,
90890,
91587,
0,
30,
3568,
59815,
294713,
613379,
656252,
693212,
707402,
715894,
0,
16,
900,
29821,
194912,
429355,
478944,
517483,
538910,
548764,
0,
107,
10038,
146594,
408541,
494015,
541314,
565000,
576533,
583760,
0,
1,
133,
10632,
95145,
183913,
217633,
233410,
242115,
246016,
0,
2,
543,
27211,
144780,
201089,
225703,
237905,
244333,
247776,
0,
0,
2,
861,
13107,
38626,
53422,
61056,
64717,
66226,
174,
4709,
28164,
58119,
75650,
84570,
88305,
90783,
92127,
91943,
0,
14,
3450,
61515,
298201,
614026,
657689,
697956,
711427,
722007,
0,
7,
913,
27840,
193318,
428941,
482916,
522187,
542821,
553418,
0,
105,
9762,
143115,
410396,
494871,
540194,
564831,
577480,
583756,
0,
0,
138,
10719,
93856,
182016,
216066,
232016,
240120,
243977,
0,
2,
579,
27706,
144512,
200846,
227368,
238549,
245075,
247831,
0,
0,
2,
840,
13108,
37620,
52697,
59591,
62990,
64739,
167,
4920,
28349,
58279,
74369,
83671,
87712,
89830,
90690,
91624,
0,
29,
3901,
63581,
304860,
610621,
654752,
693873,
707388,
715901,
0,
3,
908,
29949,
195310,
431643,
483014,
519814,
542299,
550711,
0,
116,
9883,
143606,
405545,
490767,
538160,
562414,
574369,
580478,
0,
0,
167,
11211,
94662,
183632,
216598,
232993,
241797,
245392,
0,
8,
623,
28769,
144607,
199534,
224373,
237343,
242659,
245909,
0,
0,
3,
925,
13225,
38021,
52636,
59659,
63025,
64744,
172,
5222,
28920,
58899,
75845,
84568,
88659,
91138,
92325,
92453,
0,
16,
3523,
63137,
293398,
614089,
661311,
697454,
711642,
719294,
0,
5,
851,
29325,
196313,
426872,
479758,
519442,
539880,
549511,
0,
86,
10133,
143763,
406915,
498095,
540224,
565186,
576677,
582609,
0,
0,
101,
10518,
93493,
182981,
217279,
233318,
240941,
245278,
0,
1,
503,
27297,
143362,
199727,
224349,
236775,
243072,
245635,
0,
0,
1,
812,
12769,
37801,
52291,
59762,
63813,
64935,
148,
4756,
27768,
57473,
74545,
83060,
87661,
89535,
90906,
91239,
0,
30,
4211,
63301,
312087,
612565,
651661,
689287,
703846,
709626,
0,
0,
1079,
31500,
202384,
426398,
479602,
516518,
536298,
545249,
0,
125,
10288,
145758,
405735,
492959,
535330,
560514,
571498,
577360,
0,
0,
117,
10973,
96722,
183481,
217230,
233541,
241427,
245696,
0,
0,
564,
28089,
144757,
200011,
224734,
237620,
243727,
246467,
0,
0,
4,
901,
13320,
38333,
53069,
60335,
63808,
65512,
179,
5044,
28540,
58794,
75346,
83893,
88797,
90892,
92218,
92806,
0,
34,
3320,
59209,
303546,
620319,
659983,
697398,
709859,
720195,
0,
10,
861,
27671,
192417,
428645,
477154,
517054,
539700,
546999,
0,
164,
9698,
144666,
405393,
496662,
540693,
567497,
578805,
585574,
0,
0,
185,
10908,
93744,
184288,
217487,
233696,
242519,
245979,
0,
1,
686,
28303,
144129,
199009,
224932,
236951,
242712,
245177,
0,
0,
3,
892,
13439,
37805,
52601,
59740,
63261,
64795,
155,
5039,
28518,
58680,
75651,
84653,
88614,
90573,
92122,
92467,
0,
24,
3188,
60385,
301267,
615274,
656105,
693753,
712067,
719247,
0,
14,
785,
27096,
191424,
426877,
479776,
518918,
539444,
549546,
0,
99,
9305,
143770,
410024,
497915,
542873,
568279,
579639,
584149,
0,
0,
94,
10579,
92535,
182787,
215271,
232443,
240430,
245203,
0,
2,
559,
27606,
143691,
199057,
224437,
237437,
243378,
245840,
0,
0,
10,
874,
13346,
37399,
52330,
59417,
63051,
64311,
246,
5512,
28981,
58430,
75953,
84480,
88872,
90788,
91704,
92486,
0,
30,
4195,
63286,
302058,
615751,
657800,
698227,
708920,
719313,
0,
13,
1219,
31121,
195622,
431122,
478261,
514833,
537482,
546687,
0,
110,
10468,
143364,
402214,
490182,
532820,
559632,
571527,
578322,
0,
0,
165,
11471,
95845,
184699,
218350,
233974,
242265,
246570,
0,
2,
640,
28694,
144484,
198603,
223836,
236409,
242145,
244693,
0,
0,
7,
839,
13417,
37259,
51895,
58772,
62700,
64767,
158,
4981,
28059,
58406,
75408,
84258,
88862,
90649,
91728,
92635,
0,
88,
4001,
61989,
295418,
608497,
650262,
687330,
705333,
710832,
0,
12,
1165,
30496,
200132,
433728,
482100,
521421,
542933,
550943,
0,
163,
10530,
146134,
407095,
495127,
540414,
564481,
575394,
583106,
0,
2,
140,
10828,
94631,
181824,
216756,
232746,
241286,
243985,
0,
9,
562,
27131,
143528,
199308,
224520,
236834,
242717,
245101,
0,
0,
3,
798,
12840,
37912,
53215,
60509,
63764,
65802,
163,
4638,
28056,
58361,
75543,
83977,
88896,
90887,
91704,
92202,
0,
28,
4313,
63654,
303690,
599266,
645882,
684979,
700533,
710360,
0,
2,
1135,
32555,
206784,
429259,
484725,
521384,
540992,
549321,
0,
140,
11147,
146052,
404565,
490659,
535228,
558982,
571026,
576712,
0,
0,
105,
10687,
95833,
183454,
217141,
233045,
241107,
245262,
0,
1,
468,
27622,
146201,
200521,
225638,
238180,
244293,
247337,
0,
0,
2,
788,
13200,
38629,
53527,
60633,
64151,
66046,
151,
5004,
28039,
57722,
75187,
84245,
88386,
90285,
91072,
91479,
0,
13,
3545,
60977,
304036,
616974,
660524,
696522,
711997,
721158,
0,
0,
918,
28627,
194486,
427941,
478542,
517378,
538945,
548033,
0,
116,
9839,
143862,
409091,
496642,
539789,
565732,
576348,
583702,
0,
0,
155,
11299,
95938,
183789,
216888,
233225,
241092,
245154,
0,
2,
657,
29069,
145129,
199742,
224211,
236979,
242817,
245758,
0,
0,
8,
863,
13325,
38181,
52849,
60150,
63386,
65472,
176,
5200,
28775,
59140,
76662,
85232,
89553,
91207,
92767,
93694,
0,
35,
3877,
62638,
298385,
612700,
657033,
696114,
712506,
719685,
0,
4,
1085,
29748,
196241,
430163,
483059,
521915,
542269,
551859,
0,
136,
10178,
142701,
402851,
492117,
537026,
564002,
576060,
580672,
0,
2,
184,
10767,
96125,
184377,
217901,
233641,
241723,
246692,
0,
3,
656,
28684,
145557,
200633,
225927,
237561,
243559,
246612,
0,
0,
2,
917,
13458,
38953,
53473,
60618,
64107,
65871,
146,
5063,
29117,
59725,
76663,
85201,
89854,
91464,
92641,
93833,
0,
10,
3193,
58564,
299737,
616881,
658180,
699841,
710847,
719589,
0,
4,
759,
27545,
192837,
428352,
481821,
521623,
542679,
552796,
0,
73,
9232,
142871,
406324,
498361,
541978,
566569,
579430,
585411,
0,
0,
93,
10230,
93163,
182979,
216732,
232889,
241649,
246026,
0,
2,
479,
26769,
143442,
200405,
225593,
238324,
243813,
247326,
0,
0,
5,
759,
13112,
38233,
53216,
60190,
64077,
65489,
199,
4988,
27391,
57354,
74375,
83085,
87601,
89692,
91320,
91715,
0,
24,
3524,
63366,
302256,
612133,
650843,
693396,
706119,
716253,
0,
8,
906,
30091,
200783,
432561,
479851,
519298,
541375,
550083,
0,
109,
10207,
143101,
402980,
493363,
535047,
562201,
573477,
580130,
0,
0,
154,
10797,
94829,
184195,
217415,
234119,
241636,
246523,
0,
0,
569,
28213,
145558,
200709,
225649,
238372,
245063,
247626,
0,
0,
2,
797,
13272,
38580,
53195,
60782,
63947,
65728,
134,
4452,
28036,
58527,
75819,
84476,
88391,
90737,
92205,
91971,
0,
26,
3195,
60979,
297779,
616029,
659783,
695365,
710744,
719509,
0,
10,
836,
27603,
192423,
431483,
483620,
520192,
543017,
552206,
0,
110,
9616,
145096,
405796,
495318,
541319,
565254,
577992,
584753,
0,
0,
85,
10315,
93656,
182596,
216135,
232842,
241367,
246130,
0,
3,
464,
27022,
142410,
199972,
225060,
237337,
242991,
246561,
0,
0,
6,
761,
12988,
38119,
53244,
60237,
64178,
65762,
168,
5075,
28051,
58400,
75443,
84773,
88383,
90643,
91619,
92305,
0,
21,
3911,
63189,
293913,
615656,
656579,
694636,
705243,
713260,
0,
3,
925,
31678,
201226,
430638,
480057,
516611,
539374,
546958,
0,
93,
10511,
146253,
397759,
490792,
533710,
559790,
570809,
576458,
0,
0,
103,
11211,
96624,
185550,
218993,
234461,
243497,
247221,
0,
2,
496,
28304,
146450,
200949,
226136,
238101,
244469,
247208,
0,
0,
4,
842,
13430,
38396,
54215,
61078,
64823,
66103,
163,
5084,
28997,
59330,
76672,
85408,
89762,
91816,
93000,
93507,
0,
10,
3303,
60779,
294854,
609273,
653716,
696188,
708436,
716932,
0,
1,
728,
27944,
195740,
431056,
485144,
520395,
544014,
552300,
0,
64,
9652,
144987,
408221,
495250,
539990,
565831,
577746,
583976,
0,
0,
113,
10481,
95002,
183447,
218682,
233976,
242851,
246558,
0,
2,
468,
27667,
145621,
200957,
226438,
238157,
244869,
247237,
0,
0,
2,
839,
13069,
38232,
53246,
60889,
64444,
65893,
110,
4826,
28473,
58787,
75460,
84648,
88985,
90496,
92385,
92567,
0,
17,
3608,
61366,
295269,
603346,
652111,
686152,
703062,
710439,
0,
6,
916,
28605,
196901,
433802,
486805,
527344,
547395,
557418,
0,
80,
9752,
143285,
405548,
496328,
542264,
568161,
580199,
585043,
0,
0,
123,
10540,
94482,
182868,
216174,
231529,
240641,
243803,
0,
1,
515,
27586,
144775,
199224,
224843,
237499,
243467,
246437,
0,
0,
4,
879,
13109,
37524,
52542,
59522,
63421,
64775,
128,
4733,
27991,
57507,
74761,
83268,
87352,
89527,
90472,
91169,
0,
36,
3723,
64217,
295980,
603180,
648913,
686195,
703711,
709059,
0,
15,
1000,
29238,
199092,
434306,
487078,
525673,
545776,
555812,
0,
105,
10329,
147505,
407252,
497146,
543139,
567836,
578422,
584882,
0,
0,
90,
10898,
94959,
183079,
214626,
230625,
239665,
244043,
0,
0,
456,
27832,
144378,
200100,
225618,
237274,
243622,
247149,
0,
0,
6,
828,
13531,
38809,
53996,
60968,
64420,
66230,
172,
5119,
28901,
59134,
76247,
84704,
88743,
91508,
92492,
92998,
0,
12,
3156,
58522,
306063,
608541,
653833,
689438,
703905,
712938,
0,
9,
822,
29090,
198229,
432535,
482244,
520390,
541455,
550217,
0,
81,
9757,
144311,
407637,
494544,
539259,
563888,
575647,
582077,
0,
0,
112,
10127,
94156,
182189,
216191,
232990,
240386,
244301,
0,
1,
469,
27278,
145832,
201034,
226390,
238849,
244546,
246931,
0,
0,
4,
735,
13307,
37964,
52923,
60450,
64231,
65745,
132,
4703,
27990,
57880,
75463,
84257,
88767,
91065,
91987,
92541,
0,
40,
3135,
59919,
298103,
615025,
656452,
693917,
708558,
716567,
0,
28,
764,
26986,
191072,
432623,
479979,
519035,
541588,
551116,
0,
94,
9183,
144986,
408313,
500007,
540586,
566612,
578425,
585440,
0,
0,
126,
10467,
92964,
183015,
217161,
233437,
241504,
245571,
0,
3,
542,
27089,
141546,
197544,
223413,
235082,
241764,
244475,
0,
0,
7,
905,
12886,
37272,
51635,
59382,
62571,
64130,
216,
5044,
27730,
56941,
74454,
83116,
87409,
89659,
90533,
91212,
0,
31,
3793,
61754,
292936,
612058,
659714,
695328,
710402,
716719,
0,
8,
953,
29705,
194523,
431313,
483390,
522072,
542934,
550298,
0,
125,
10243,
146490,
406616,
495359,
542721,
566989,
578349,
585034,
0,
0,
148,
11041,
95366,
183568,
215861,
231723,
240374,
244413,
0,
1,
560,
27852,
144073,
199626,
223833,
236458,
241877,
245693,
0,
0,
4,
842,
12638,
37430,
51857,
59052,
62439,
64354,
149,
4808,
27543,
57464,
74538,
83239,
87335,
89894,
90884,
91714,
0,
19,
4020,
63646,
302279,
615155,
658388,
690186,
709231,
718191,
0,
3,
1046,
31008,
202011,
431188,
486190,
526023,
542743,
552850,
0,
116,
10589,
146652,
403693,
492974,
536947,
560272,
572135,
577740,
0,
0,
129,
11264,
97157,
184741,
217896,
233461,
242107,
246238,
0,
0,
604,
29167,
144724,
198299,
224287,
236403,
242856,
245515,
0,
0,
1,
927,
13515,
38241,
52655,
59980,
63580,
65015,
141,
5170,
29462,
59451,
76301,
84951,
89508,
91479,
92410,
93241,
0,
43,
2910,
56307,
287763,
621145,
659089,
694789,
711921,
720821,
0,
3,
792,
27485,
188139,
433839,
483095,
524298,
545018,
555224,
0,
89,
8683,
140079,
405120,
493997,
541500,
566803,
579727,
585095,
0,
0,
92,
9771,
92638,
183083,
216851,
233445,
242018,
246225,
0,
1,
507,
27199,
143568,
200588,
226492,
238063,
244555,
247449,
0,
0,
2,
798,
12896,
36941,
52287,
59188,
62881,
64513,
157,
4955,
27885,
57747,
74681,
83647,
87900,
89982,
91046,
91554,
0,
27,
3928,
63537,
296473,
618326,
656359,
693790,
709193,
715150,
0,
15,
936,
28960,
193915,
435808,
481057,
521215,
542916,
552651,
0,
117,
10342,
144563,
404444,
492646,
539175,
565210,
577267,
583985,
0,
0,
191,
11260,
93390,
183243,
215559,
232076,
240653,
244366,
0,
3,
679,
27645,
141626,
197878,
222577,
234838,
241123,
244561,
0,
0,
3,
856,
12791,
37290,
51916,
59065,
62396,
64364,
166,
4768,
27574,
56851,
74220,
83008,
86696,
89638,
90362,
91098,
0,
24,
4047,
64734,
299066,
606897,
655123,
689184,
702973,
712402,
0,
4,
1082,
30948,
200308,
426249,
484379,
520602,
540608,
549587,
0,
143,
10919,
145581,
410502,
496987,
540294,
564819,
576642,
581521,
0,
0,
140,
11269,
95386,
182904,
215815,
232211,
240184,
244116,
0,
2,
525,
28115,
144893,
200792,
224984,
237734,
243819,
246731,
0,
0,
3,
819,
13337,
38219,
53076,
60165,
63618,
65523,
127,
4925,
28144,
58170,
74950,
83846,
87938,
90188,
91415,
91935,
0,
20,
3766,
62253,
302536,
617936,
655622,
691620,
707934,
715154,
0,
10,
1017,
30780,
199537,
424085,
477204,
514421,
536766,
545933,
0,
97,
10314,
145084,
407412,
491437,
537807,
560676,
572427,
578286,
0,
0,
129,
10716,
96681,
185114,
218253,
234955,
242875,
247140,
0,
2,
531,
27628,
145471,
200389,
225817,
237390,
243945,
246901,
0,
0,
7,
790,
13367,
38628,
53863,
60846,
64459,
66527,
237,
5066,
28247,
58127,
75428,
83849,
87886,
90742,
91363,
91949,
0,
61,
4414,
63047,
298869,
619437,
651269,
692016,
703661,
715037,
0,
12,
1310,
31935,
198167,
430599,
475829,
516128,
537062,
547260,
0,
182,
11129,
145262,
403277,
491469,
535616,
560648,
572676,
577479,
0,
0,
143,
11218,
95125,
184278,
217594,
233134,
241095,
245891,
0,
0,
659,
27990,
144106,
199458,
224961,
236998,
242984,
245654,
0,
0,
8,
934,
13147,
38046,
53094,
60052,
63790,
65634,
191,
4849,
28279,
58311,
74918,
83329,
87642,
89896,
91337,
91778,
0,
32,
3548,
58222,
298544,
623217,
664376,
700278,
717299,
725747,
0,
4,
944,
29152,
188992,
434430,
480120,
520054,
542139,
553097,
0,
94,
9587,
140099,
401583,
491922,
538731,
564648,
577553,
582698,
0,
0,
155,
10482,
93462,
183863,
217612,
234296,
242927,
247503,
0,
0,
551,
27771,
143705,
199664,
225496,
237091,
242857,
246402,
0,
0,
2,
808,
12713,
37050,
51334,
58570,
62365,
63772,
141,
4731,
28034,
57463,
74733,
83262,
87905,
90187,
90931,
91376,
0,
26,
3680,
63095,
298203,
614238,
652097,
690991,
703791,
715323,
0,
2,
969,
29140,
196782,
433208,
483325,
522003,
543706,
553257,
0,
117,
10194,
142872,
403584,
494472,
539221,
562849,
575285,
582199,
0,
0,
127,
10956,
94744,
184051,
217699,
233379,
241226,
245832,
0,
1,
561,
28451,
144740,
200672,
225207,
237847,
244018,
246856,
0,
0,
5,
935,
13517,
37932,
52676,
59623,
63723,
64945,
177,
4946,
28556,
57998,
75501,
84040,
88352,
90642,
91461,
92240,
0,
29,
3454,
59640,
293992,
609031,
647101,
686599,
704305,
713374,
0,
6,
821,
27601,
195427,
436261,
487689,
526986,
548535,
558111,
0,
181,
9917,
144500,
405826,
493341,
541357,
565809,
577782,
584370,
0,
0,
118,
10574,
94617,
183286,
217002,
233439,
241969,
246303,
0,
3,
608,
27585,
145098,
201101,
227157,
239516,
246019,
247905,
0,
0,
5,
859,
13067,
38706,
53448,
60918,
64212,
66384,
162,
4795,
27910,
57858,
75144,
83549,
88122,
90154,
91601,
92289,
0,
16,
3716,
65644,
314315,
612335,
659058,
694166,
707867,
717769,
0,
1,
850,
29808,
196722,
423200,
478778,
516929,
535814,
545801,
0,
99,
9873,
144471,
406898,
494580,
537615,
561932,
573506,
578357,
0,
0,
112,
10673,
94122,
184395,
217336,
232925,
241412,
245471,
0,
1,
501,
27002,
142522,
198425,
224491,
236706,
242953,
245421,
0,
0,
6,
775,
12722,
37527,
52759,
59928,
63400,
64905,
189,
4851,
27637,
58017,
75280,
84228,
88234,
90360,
91700,
92213,
0,
22,
3766,
64805,
313803,
606379,
650899,
687162,
702746,
710717,
0,
5,
911,
30187,
207640,
427750,
483402,
518430,
539311,
547196,
0,
88,
10146,
146570,
407856,
492924,
534064,
557736,
570506,
576011,
0,
0,
127,
11059,
97451,
184538,
217214,
233450,
240955,
245253,
0,
0,
530,
28089,
145464,
200180,
224352,
236881,
243312,
246281,
0,
0,
3,
811,
13253,
38631,
53513,
60617,
64758,
66131,
191,
5186,
28727,
59508,
75865,
85330,
89170,
91499,
92623,
93555,
0,
28,
3514,
60506,
303619,
625645,
667165,
703529,
712937,
719204,
0,
3,
917,
29051,
194352,
429519,
477512,
515856,
537659,
546850,
0,
133,
9848,
144328,
406989,
493618,
537234,
562525,
574383,
580329,
0,
0,
139,
10811,
94373,
183799,
218421,
234052,
242572,
245840,
0,
3,
549,
27806,
144095,
198065,
224283,
235735,
241956,
245562,
0,
0,
2,
862,
12926,
37585,
52540,
59610,
63578,
65022,
156,
4909,
28030,
58175,
75460,
84178,
88473,
90483,
91762,
92206,
0,
28,
4041,
65236,
304169,
614297,
654195,
693428,
707791,
715605,
0,
3,
1082,
31429,
201525,
428849,
479092,
514423,
535985,
544732,
0,
146,
11132,
147790,
405823,
492552,
533686,
559492,
572386,
577475,
0,
0,
177,
11550,
97229,
184795,
217263,
233289,
241457,
245391,
0,
4,
690,
29128,
145495,
199767,
224863,
236500,
243438,
246242,
0,
0,
8,
950,
13769,
38176,
53189,
60278,
63803,
65876,
182,
5309,
29143,
58757,
75788,
84166,
88505,
91022,
91722,
92633,
0,
37,
4006,
62739,
307059,
614982,
661364,
693807,
709376,
715131,
0,
15,
940,
30257,
197298,
426664,
480131,
515330,
536940,
546764,
0,
126,
11249,
146742,
407887,
497436,
539121,
564641,
575201,
581197,
0,
0,
158,
11877,
96295,
184783,
217768,
234279,
241716,
246299,
0,
2,
695,
29746,
145078,
199340,
223775,
235894,
242601,
244701,
0,
0,
0,
941,
13956,
38227,
53022,
60456,
63628,
65831,
212,
5257,
29472,
59895,
76842,
85608,
89493,
92260,
92680,
93416,
0,
15,
4043,
61063,
305358,
614261,
656916,
693364,
708561,
715929,
0,
0,
1049,
30655,
197399,
429243,
480349,
519504,
538625,
548404,
0,
102,
10373,
143913,
404863,
492636,
535903,
561085,
572204,
579537,
0,
0,
124,
10661,
95649,
184381,
218327,
233837,
243453,
246850,
0,
1,
460,
27346,
145441,
200783,
225956,
238088,
243743,
246858,
0,
0,
3,
800,
13042,
38480,
53533,
60821,
64460,
66136,
110,
4656,
28303,
58639,
75992,
84049,
88322,
90562,
92113,
92383,
0,
11,
3486,
60053,
293419,
622094,
662273,
695386,
714183,
719869,
0,
1,
789,
30509,
196116,
431526,
481452,
519157,
539887,
550156,
0,
110,
9770,
142770,
400887,
489543,
536144,
560623,
572317,
578338,
0,
0,
112,
10860,
95938,
185166,
219329,
235274,
244563,
247353,
0,
0,
594,
28625,
145810,
200623,
226003,
238431,
243917,
247557,
0,
0,
5,
887,
13565,
38092,
52985,
60083,
63599,
65875,
150,
5188,
28562,
58444,
75526,
84196,
88502,
90602,
91839,
92027,
0,
19,
3085,
55736,
292473,
618631,
659960,
695327,
713253,
719910,
0,
3,
828,
26650,
191769,
433856,
483196,
524106,
545382,
555578,
0,
97,
8557,
142708,
406298,
496902,
542290,
565794,
578429,
584193,
0,
0,
89,
9445,
92344,
183905,
217301,
233915,
242112,
246736,
0,
2,
407,
25709,
143312,
200291,
225444,
237415,
244143,
247228,
0,
0,
2,
741,
12437,
37679,
52468,
60382,
63887,
65561,
133,
4547,
26985,
57439,
74446,
83609,
88119,
90448,
91534,
91971,
0,
23,
4078,
65809,
307775,
611601,
654001,
688557,
708730,
715088,
0,
7,
1031,
31236,
199881,
427167,
477531,
515052,
537497,
547182,
0,
105,
11027,
149022,
405070,
495830,
540875,
564437,
576998,
582875,
0,
0,
150,
11554,
95524,
183162,
216475,
233335,
241805,
245545,
0,
2,
570,
28093,
143275,
199283,
224229,
237042,
242797,
246017,
0,
0,
7,
833,
13010,
37342,
51852,
59464,
62638,
64520,
181,
4860,
27497,
57748,
74797,
83795,
88098,
90299,
91725,
92213,
0,
26,
3919,
63109,
301624,
615779,
655634,
692523,
707697,
714064,
0,
13,
957,
31269,
201355,
431563,
480251,
517649,
539461,
547733,
0,
132,
10573,
144160,
401470,
489101,
534606,
559750,
571229,
577031,
0,
0,
123,
11113,
95928,
184990,
218025,
234111,
243104,
247487,
0,
1,
538,
28088,
145964,
201416,
226322,
238530,
245123,
247706,
0,
0,
3,
858,
13272,
38977,
53424,
60568,
64369,
66201,
172,
5049,
28454,
58306,
75601,
84143,
88394,
90571,
91968,
91972,
0,
24,
3551,
60557,
301967,
606326,
654801,
695575,
702678,
713327,
0,
7,
870,
29500,
197296,
430361,
481777,
520647,
540723,
551096,
0,
139,
10440,
146216,
405198,
495660,
540727,
564625,
576477,
582865,
0,
0,
118,
11011,
95856,
183158,
216474,
232825,
240795,
245025,
0,
3,
535,
27637,
144225,
198761,
224147,
236482,
242529,
245774,
0,
0,
3,
842,
13279,
38240,
53172,
60510,
63931,
65685,
179,
4771,
28108,
58136,
75311,
84148,
88197,
90188,
91517,
91855,
0,
31,
3408,
58957,
298625,
615682,
659627,
692698,
707305,
715650,
0,
7,
923,
28144,
193744,
427469,
480328,
516747,
539825,
548926,
0,
129,
10068,
145580,
413383,
501375,
544450,
569494,
580827,
587496,
0,
0,
141,
10268,
92027,
179932,
214834,
230923,
238461,
242979,
0,
1,
572,
26947,
143239,
198999,
225319,
236475,
243370,
246470,
0,
0,
3,
801,
13051,
37581,
52453,
59520,
63573,
65102,
187,
4840,
28549,
58411,
75281,
84338,
88187,
90127,
91802,
91990,
0,
51,
3637,
61272,
301710,
606138,
656130,
689456,
703186,
713269,
0,
11,
1101,
30459,
196398,
429092,
482393,
518549,
539753,
549925,
0,
172,
11168,
148578,
410449,
501410,
544003,
568254,
580812,
586083,
0,
0,
167,
11370,
94830,
182382,
216397,
231502,
239677,
243854,
0,
3,
650,
28348,
144436,
198877,
224337,
235574,
242299,
245152,
0,
0,
5,
876,
13154,
37664,
52628,
59854,
63530,
64943,
150,
4962,
28551,
58415,
75895,
84199,
88299,
90875,
91568,
91878,
0,
25,
3287,
57181,
300497,
615142,
661627,
698342,
712909,
720910,
0,
6,
735,
26109,
190573,
429728,
483639,
523417,
545338,
555645,
0,
94,
9018,
140247,
408236,
497452,
544045,
568380,
581049,
585976,
0,
0,
120,
10063,
92888,
183237,
217583,
233829,
243207,
246105,
0,
0,
450,
26787,
143499,
199425,
225798,
237925,
243817,
247017,
0,
0,
4,
769,
12865,
37684,
52471,
59590,
62876,
65334,
205,
5039,
27623,
56830,
74175,
83124,
87413,
89824,
91074,
91071,
0,
11,
3299,
59764,
295188,
617428,
659501,
696852,
712749,
721388,
0,
6,
791,
26816,
192376,
428808,
480522,
520054,
543227,
551730,
0,
48,
8503,
143558,
403922,
493784,
536963,
563836,
575895,
581922,
0,
0,
83,
10052,
94529,
184537,
219024,
235046,
242057,
247161,
0,
1,
468,
26929,
143556,
200731,
225818,
237860,
243494,
246615,
0,
0,
6,
829,
13432,
38992,
53711,
60878,
64628,
66808,
161,
5264,
28851,
59087,
76135,
84457,
89322,
91214,
92188,
93018,
3,
75,
3985,
60355,
305794,
611292,
656800,
693367,
708804,
715143,
0,
35,
1152,
30820,
200490,
430841,
483499,
523882,
543968,
552530,
8,
222,
10695,
145352,
405155,
492723,
538249,
560863,
572917,
577185,
0,
4,
214,
11291,
95411,
182949,
216705,
233354,
241780,
246086,
0,
18,
689,
28619,
147139,
201408,
226858,
239297,
245208,
247657,
0,
0,
5,
932,
13604,
39018,
53650,
61190,
64894,
66781,
160,
5014,
29011,
59224,
76385,
85047,
89290,
91437,
92605,
93147,
0,
17,
3602,
61592,
304936,
611892,
663022,
697909,
712416,
718424,
0,
0,
851,
30516,
197078,
427513,
483131,
520591,
542051,
550506,
0,
129,
10121,
145176,
408337,
495153,
539919,
565389,
576045,
582748,
0,
0,
96,
10161,
95054,
183417,
216813,
232095,
241224,
244491,
0,
1,
512,
26971,
142743,
198480,
223555,
235781,
242544,
244941,
0,
0,
2,
807,
12734,
37499,
52210,
59466,
63052,
64818,
216,
5050,
27983,
57835,
75423,
84510,
88602,
90830,
92045,
92589,
0,
48,
4251,
65889,
308008,
611313,
655401,
693765,
705950,
716272,
0,
5,
1119,
31068,
193969,
427122,
480373,
519641,
541278,
549837,
0,
172,
10738,
146674,
405933,
494617,
541812,
566258,
577186,
583437,
0,
0,
121,
11059,
94132,
182749,
215785,
232061,
239994,
244424,
0,
3,
554,
28049,
143757,
199148,
223988,
235560,
241487,
244928,
0,
0,
5,
896,
13570,
37324,
52176,
59442,
62855,
64839,
228,
5445,
28700,
58781,
75038,
83954,
88323,
90212,
91724,
91942,
2,
49,
3763,
63889,
300607,
617355,
658759,
695154,
707200,
716280,
0,
16,
1030,
29745,
194320,
424291,
476843,
512418,
535545,
546007,
1,
143,
10747,
147749,
407762,
495361,
537973,
564928,
578497,
583898,
0,
1,
168,
11320,
94675,
183724,
216045,
232633,
240391,
243949,
0,
7,
659,
29053,
143940,
199328,
223951,
235884,
242045,
245029,
0,
0,
6,
953,
13016,
37586,
52151,
59297,
62932,
64455,
209,
4896,
28298,
58352,
75447,
84328,
88281,
90794,
91784,
92615,
0,
21,
3420,
59168,
291495,
624066,
661229,
699565,
716149,
723656,
0,
5,
909,
28045,
190937,
433479,
479686,
519349,
542884,
551374,
0,
100,
9345,
144460,
406065,
496092,
542301,
567246,
581163,
587657,
0,
0,
113,
10197,
93736,
182729,
216074,
232242,
240338,
245769,
0,
3,
494,
26908,
142171,
197406,
222947,
235164,
240975,
244943,
0,
0,
5,
821,
12541,
36551,
51424,
58422,
62414,
63879,
135,
4426,
27417,
56946,
74500,
82827,
87717,
89998,
90817,
91588,
0,
1,
320,
6928,
36543,
77286,
81799,
87975,
89744,
91045,
0,
0,
71,
3218,
24480,
54542,
61611,
66350,
68432,
69915,
0,
5,
941,
16989,
50599,
61353,
66709,
70523,
71728,
72612,
0,
0,
9,
1314,
12091,
22885,
27212,
29032,
30415,
30807,
0,
1,
50,
3492,
18182,
25052,
28068,
29396,
30348,
30905,
0,
0,
0,
105,
1645,
4623,
6540,
7416,
7825,
8082,
10,
568,
3515,
7163,
9223,
10388,
10868,
11265,
11303,
11475,]

print(np.sum(a) / 10000)
