import numpy as np


a = [29439,
491019,
2086855,
3341452,
5513024,
6167619,
6457187,
6536205,
6607885,
6653617,
0,
1025,
293357,
726288,
1723289,
1.86477e+06,
1920721,
1971631,
1986191,
1992229,
0,
47828,
492657,
1000904,
1750809,
2207667,
2191719,
2227056,
2247745,
2254869,
6,
5846,
282235,
2576719,
5961524,
7480422,
7706986,
7883453,
7960916,
8.01013e+06,
6,
3136,
150846,
1064204,
1787402,
1988073,
2057479,
2.09831e+06,
2115956,
2.12551e+06,
0,
962,
203437,
1373145,
2115192,
2198521,
2.27094e+06,
2305399,
2317675,
2329722,
6,
17938,
724482,
4278789,
6498496,
7420468,
7.9136e+06,
8.10592e+06,
8285082,
8333016,
0,
1395,
66113,
676597,
1.41847e+06,
1633198,
1718149,
1763181,
1787026,
1798255,
1,
1153,
98922,
749424,
1070006,
1229072,
1312549,
1354645,
1374316,
1384033,
48,
26406,
861474,
4265132,
6026335,
6818958,
7503872,
7657497,
7.78879e+06,
8.14116e+06,
31,
2530,
78663,
615080,
1265555,
1558984,
1713994,
1787329,
1826327,
1847631,
0,
873,
33230,
439736,
803334,
867770,
910724,
932093,
942935,
947511,
709,
52993,
648912,
1695543,
2299377,
2583023,
2720072,
2788214,
2825029,
2841931,
0,
215,
18215,
298486,
614399,
716448,
767077,
793572,
807176,
812252,
2,
70,
10258,
144618,
389662,
504803,
553711,
577180,
588845,
596074,
626,
50240,
612407,
1683107,
2344491,
2730092,
2945645,
3073329,
3166412,
3222787,
0,
59,
7179,
141703,
430807,
545675,
601082,
625595,
641040,
647421,
0,
11,
5089,
88389,
273146,
366970,
412343,
434377,
446113,
451391,
503,
41576,
533478,
1479634,
2089347,
2455601,
2666406,
2776802,
2832872,
2866444,
3,
138,
7091,
91208,
300209,
403529,
454186,
479645,
493052,
498303,
3,
179,
9635,
83743,
226337,
305856,
345019,
364784,
375158,
380509,
486,
35406,
490903,
1453068,
2140486,
2537836,
2762028,
2875097,
2950457,
2998435,
6,
1398,
29968,
193971,
437432,
582260,
654251,
689648,
708497,
716839,
24,
271,
12625,
165695,
368301,
412455,
436002,
448495,
453524,
456374,
338,
20583,
261563,
693419,
962931,
1.09746e+06,
1163896,
1195897,
1.21394e+06,
1221095,
26,
248,
6029,
107424,
271332,
332701,
361910,
376910,
384246,
386488,
7,
50,
3033,
43625,
143068,
195795,
220617,
232823,
239280,
241698,
202,
19060,
243280,
693251,
1024809,
1227243,
1339953,
1404693,
1435606,
1452203,
14,
63,
2909,
46519,
155253,
217219,
245979,
259537,
266320,
270534,
18,
45,
1347,
30713,
119655,
168729,
191672,
203857,
209723,
212409,
235,
18798,
216951,
616173,
925889,
1115587,
1221541,
1280518,
1307325,
1322185,
11,
56,
1898,
22752,
93937,
151408,
178401,
191950,
198501,
202175,
18,
76,
1419,
17901,
88116,
148689,
176275,
189233,
195613,
199049,
216,
16573,
187054,
543313,
824005,
1008236,
1121242,
1.18753e+06,
1224502,
1244243,
10,
38,
1119,
15827,
81518,
143394,
171514,
185850,
192633,
195592,
44,
67,
1405,
15550,
75082,
131429,
155837,
167342,
173441,
177196,
204,
14009,
154831,
456989,
707767,
889171,
1006226,
1081429,
1125446,
1152168,
0,
52,
1365,
16228,
75387,
131499,
156987,
170039,
176052,
179481,
21,
122,
2344,
24002,
88888,
140992,
165879,
177697,
184340,
187482,
116,
9358,
113625,
362616,
611850,
823258,
956623,
1028357,
1069872,
1.08534e+06,
0,
153,
5239,
39343,
117313,
175809,
203795,
218994,
225731,
229122,
0,
66,
2429,
27880,
86082,
121695,
136669,
143982,
147597,
149457,
6015,
54506,
179207,
294388,
359248,
393532,
409051,
418247,
421189,
423331,
1,
19,
1053,
10754,
39117,
66252,
80845,
87552,
92002,
93463,
0,
1,
357,
6298,
26284,
43866,
53522,
58076,
60240,
61415,
7753,
52329,
138232,
220880,
283808,
321610,
339820,
350525,
355504,
358129,
1,
88,
1486,
9043,
25937,
43636,
52847,
58094,
60045,
61676,
10,
55,
1021,
9032,
30265,
54880,
68060,
74211,
77230,
78814,
11629,
45872,
98678,
146974,
179775,
198836,
208858,
213527,
215578,
217564,
30899,
495951,
2148287,
3252489,
5441127,
6107765,
6471842,
6504652,
6595915,
6671939,
0,
4818,
281990,
747033,
1658989,
1851139,
1908419,
1933479,
1960418,
1964034,
0,
50244,
507522,
1001486,
1703323,
2182094,
2183967,
2.20308e+06,
2231438,
2233452,
17,
6235,
284001,
2632061,
6007432,
7393402,
7653102,
7836454,
7929368,
7973196,
6,
2796,
151622,
1085117,
1779945,
1962771,
2045094,
2065615,
2084122,
2100549,
0,
767,
206057,
1373635,
2076989,
2177533,
2259224,
2293495,
2313093,
2311572,
11,
16616,
745116,
4319706,
6523855,
7404489,
7913779,
8114307,
8264128,
8349249,
0,
1086,
69359,
668662,
1383077,
1617905,
1694307,
1733141,
1749906,
1773615,
0,
915,
100602,
752221,
1076706,
1228663,
1307028,
1.35097e+06,
1371779,
1377742,
17,
24767,
882836,
4291713,
6062257,
6836041,
7523892,
7695293,
7782637,
8132458,
4,
1915,
77805,
626050,
1.2886e+06,
1568044,
1724666,
1799757,
1843888,
1858274,
1,
755,
32164,
441390,
807512,
862751,
907129,
930019,
938974,
946075,
517,
51710,
644974,
1.70286e+06,
2298797,
2581824,
2723263,
2791948,
2.8224e+06,
2840217,
0,
205,
17993,
291867,
616890,
719141,
770625,
799489,
811283,
818237,
0,
50,
10164,
143307,
383149,
499233,
544869,
571155,
581468,
588136,
507,
50326,
609852,
1689063,
2339248,
2720649,
2937274,
3063028,
3156386,
3212294,
0,
65,
6980,
141988,
429360,
541425,
595021,
623955,
635964,
643961,
0,
16,
5338,
87715,
273055,
363917,
408766,
431990,
443058,
448860,
448,
41143,
527273,
1485768,
2084603,
2.44871e+06,
2659494,
2769867,
2832192,
2861893,
1,
135,
7493,
93270,
301874,
407283,
457867,
482256,
495777,
501507,
0,
236,
9616,
85079,
228788,
307038,
345901,
364140,
373968,
378642,
559,
35703,
486936,
1460943,
2137577,
2528614,
2750948,
2865864,
2937696,
2981938,
14,
1287,
30805,
199313,
449428,
596853,
666690,
703660,
721351,
730680,
15,
290,
12000,
164407,
363715,
410783,
435594,
446465,
452375,
454859,
231,
19877,
258352,
693833,
968185,
1103554,
1171176,
1205279,
1221918,
1230887,
18,
206,
5539,
104168,
272994,
333864,
362761,
378608,
385030,
388573,
2,
26,
2510,
42593,
144057,
196612,
221046,
233234,
239808,
242319,
177,
18798,
243747,
699071,
1033159,
1237336,
1.35496e+06,
1419033,
1452269,
1467153,
8,
35,
2803,
46026,
156763,
217562,
246802,
260566,
267002,
270590,
8,
14,
1179,
30300,
119600,
167802,
191437,
203014,
208586,
210671,
183,
18068,
216773,
618725,
929597,
1122156,
1228427,
1284758,
1315178,
1328105,
4,
33,
1621,
22505,
93636,
153155,
180025,
193215,
199459,
202947,
8,
34,
1238,
18435,
92118,
154290,
181546,
195829,
202859,
205400,
191,
15863,
186330,
545051,
827661,
1011207,
1.122e+06,
1187759,
1224374,
1243006,
3,
27,
1023,
16217,
83971,
145977,
173960,
188488,
195478,
198597,
13,
43,
1073,
15812,
76970,
132269,
157491,
169541,
175575,
179099,
156,
13127,
153818,
458443,
709689,
889704,
1007631,
1082414,
1123725,
1152541,
0,
28,
1252,
16666,
78118,
134337,
160645,
173350,
179244,
183327,
4,
67,
2160,
23839,
89615,
140628,
165675,
177695,
184046,
186233,
89,
8718,
112822,
363948,
611356,
817561,
950397,
1018919,
1061669,
1078462,
1,
167,
5137,
40172,
119598,
179494,
208061,
220992,
228763,
232724,
1,
68,
2602,
28782,
87083,
121799,
135873,
143533,
146656,
148678,
6166,
55384,
180521,
296261,
361814,
394175,
410435,
418901,
422278,
423772,
0,
20,
988,
11086,
39213,
66742,
81506,
88653,
91642,
93357,
0,
0,
376,
6536,
25576,
43537,
52921,
57509,
60591,
61453,
7895,
52405,
138539,
222723,
286254,
325758,
345481,
354355,
360250,
363539,
1,
64,
1414,
9412,
26254,
44199,
54214,
58698,
61396,
62462,
0,
30,
981,
9288,
30789,
55153,
68019,
74096,
77178,
78356,
11601,
45856,
98831,
147441,
181416,
200658,
210290,
215217,
216922,
218453,
27225,
476339,
2013311,
3274025,
5466367,
6.14564e+06,
6361375,
6489242,
6561115,
6609181,
0,
2020,
301473,
727625,
1727287,
1844924,
1920886,
1962209,
1980851,
1989932,
0,
44099,
483346,
990253,
1734867,
2234055,
2.21383e+06,
2246004,
2268287,
2274109,
1,
4072,
258714,
2.53994e+06,
6019106,
7533202,
7722426,
7913928,
7983813,
8019503,
0,
1959,
131137,
1063053,
1818344,
2002435,
2074485,
2117002,
2139842,
2145929,
0,
557,
180063,
1343966,
2120471,
2211977,
2277613,
2314053,
2330428,
2340964,
1,
12561,
683759,
4262751,
6570958,
7412134,
7952839,
8137578,
8325586,
8386565,
0,
806,
58477,
645771,
1422423,
1654768,
1738969,
1782004,
1805658,
1.81453e+06,
0,
557,
90886,
747175,
1075251,
1233853,
1319139,
1359409,
1379051,
1391021,
12,
19261,
818583,
4.2218e+06,
6.06685e+06,
6815931,
7512893,
7657414,
7787152,
8138337,
1,
1218,
64870,
579971,
1242726,
1535706,
1691129,
1768258,
1806059,
1822468,
0,
466,
25205,
421661,
812356,
872218,
917248,
940729,
948993,
956156,
313,
42494,
596084,
1.66635e+06,
2277663,
2569094,
2713989,
2782043,
2818834,
2835232,
0,
133,
13724,
287496,
608969,
713308,
767202,
793712,
806145,
811148,
0,
28,
7518,
132035,
380838,
504719,
556085,
579992,
593927,
599861,
364,
40250,
562337,
1651147,
2.32227e+06,
2713103,
2934266,
3063562,
3152635,
3209824,
0,
66,
6088,
132843,
429340,
546327,
601530,
629229,
642380,
650503,
0,
20,
4993,
83208,
269383,
363941,
409717,
432594,
443831,
448821,
314,
32810,
488672,
1449626,
2066598,
2445111,
2654872,
2770305,
2826826,
2863768,
1,
143,
5921,
83140,
295630,
403480,
456096,
481962,
495519,
500946,
1,
189,
7947,
78414,
222826,
304068,
344283,
363279,
373782,
378318,
485,
27791,
451176,
1431609,
2130862,
2535269,
2764604,
2881589,
2954027,
3003402,
9,
988,
24982,
180494,
429262,
579932,
651048,
688584,
706508,
717292,
23,
213,
9662,
158889,
369498,
416157,
441175,
452950,
458376,
462266,
197,
17214,
247393,
685593,
962334,
1.10035e+06,
1166084,
1199294,
1215616,
1225329,
28,
228,
4851,
100333,
270926,
333150,
361720,
376656,
384514,
387411,
8,
41,
2114,
40860,
142492,
196019,
221403,
233976,
239103,
242550,
165,
16466,
229190,
681020,
1016931,
1219996,
1.33361e+06,
1399278,
1428732,
1443993,
13,
51,
2821,
44656,
153373,
214918,
244028,
258712,
264759,
268863,
16,
20,
1182,
30595,
121201,
170823,
194073,
206033,
211303,
214264,
208,
16556,
205507,
609332,
920287,
1111401,
1217279,
1276395,
1305295,
1318991,
7,
33,
1675,
21721,
92887,
152144,
178637,
192728,
198860,
202540,
13,
46,
1328,
18439,
92701,
154677,
183025,
196176,
203300,
206362,
215,
15051,
178870,
538027,
821195,
1003916,
1115848,
1182649,
1217732,
1237273,
1,
38,
1088,
16524,
82762,
145796,
173893,
187802,
194082,
197638,
19,
93,
1392,
16698,
78794,
133196,
157830,
169961,
175564,
178832,
176,
12383,
147746,
453787,
704089,
885526,
1002829,
1075438,
1119988,
1146406,
0,
51,
1331,
16286,
78674,
135087,
161005,
173852,
179687,
182916,
7,
113,
2462,
24845,
91200,
142510,
166194,
177796,
184759,
187450,
101,
8254,
108185,
360019,
606537,
816341,
946368,
1017412,
1.05961e+06,
1074034,
1,
208,
5100,
38529,
117190,
178186,
207066,
221292,
228220,
231924,
0,
72,
2641,
27904,
86991,
122653,
138147,
145063,
149089,
150389,
6076,
52823,
173851,
289808,
357093,
390404,
406897,
414601,
418581,
420694,
0,
27,
1099,
10712,
38821,
66677,
81390,
88634,
92134,
94023,
0,
0,
274,
6213,
25215,
43202,
52211,
57221,
59705,
60845,
7640,
50337,
133717,
216307,
279424,
317846,
339222,
348433,
353819,
356001,
1,
104,
1727,
9670,
26988,
46064,
56129,
61341,
63979,
65436,
0,
67,
1252,
10651,
34180,
60051,
73405,
79355,
82897,
84368,
12652,
48606,
102353,
153935,
188700,
207681,
218401,
223254,
226061,
226356,
40227,
506390,
2157994,
3403953,
5418684,
6125821,
6389604,
6444266,
6550707,
6612304,
0,
4130,
290854,
761465,
1650526,
1782227,
1845607,
1903071,
1913134,
1917121,
0,
46099,
487280,
1.00562e+06,
1747625,
2169947,
2156863,
2194658,
2213187,
2220539,
15,
6905,
307388,
2661797,
5840168,
7246128,
7482732,
7668647,
7752547,
7802808,
9,
3382,
165309,
1087631,
1.77493e+06,
1957461,
2041976,
2063092,
2079524,
2093843,
0,
1352,
217687,
1371117,
2072551,
2169876,
2250486,
2285109,
2297349,
2301466,
19,
20959,
790966,
4299105,
6439119,
7315668,
7812209,
8037044,
8192627,
8272092,
0,
1298,
77956,
684147,
1376478,
1595766,
1677637,
1717002,
1734124,
1751415,
0,
1081,
105788,
761726,
1084762,
1235319,
1314835,
1359042,
1377157,
1382183,
39,
30825,
925746,
4283185,
6006806,
6761061,
7452201,
7621113,
7716055,
8084152,
19,
2617,
87344,
640880,
1.28804e+06,
1567865,
1725126,
1796448,
1838224,
1854707,
6,
1006,
37013,
447624,
801421,
863332,
905198,
926077,
936806,
943718,
723,
58336,
672630,
1721537,
2.31043e+06,
2589305,
2723605,
2793094,
2823032,
2841004,
0,
249,
18772,
308630,
622332,
721974,
775309,
800266,
812877,
821284,
0,
125,
10248,
145447,
379659,
494062,
541536,
565084,
577006,
582902,
597,
56124,
633303,
1704874,
2354386,
2729544,
2948196,
3071488,
3161967,
3.22076e+06,
0,
63,
7995,
148356,
429384,
542207,
596695,
624205,
635757,
644487,
0,
28,
6308,
90175,
271045,
362153,
407969,
430114,
441225,
446408,
530,
44797,
545439,
1490035,
2081314,
2442481,
2652751,
2760748,
2821813,
2853095,
2,
158,
7715,
94184,
301870,
406036,
455428,
480995,
492996,
500539,
1,
223,
9499,
84947,
227521,
305135,
343855,
363606,
374157,
378264,
521,
38058,
503775,
1466939,
2137728,
2.52702e+06,
2749389,
2861475,
2934611,
2980404,
13,
1369,
32313,
204118,
451494,
594111,
664268,
700828,
718879,
727503,
31,
284,
13368,
169055,
366349,
411388,
434213,
446841,
453349,
455538,
273,
21349,
270124,
702538,
970870,
1105217,
1169381,
1202945,
1220083,
1228825,
23,
233,
6821,
109595,
269238,
331797,
359698,
374270,
381929,
384904,
3,
51,
2954,
46005,
144442,
194546,
219489,
231654,
236961,
239711,
190,
19933,
252791,
700783,
1029809,
1230149,
1346042,
1409236,
1.44055e+06,
1454567,
20,
49,
3097,
47518,
154747,
216020,
243824,
257719,
264495,
267962,
21,
32,
1344,
30443,
117880,
164735,
187748,
200082,
204823,
207554,
222,
19508,
225881,
624065,
931547,
1121767,
1228649,
1286785,
1313889,
1327508,
15,
65,
1982,
23354,
94990,
151902,
177512,
190313,
197556,
200795,
21,
99,
1290,
18157,
88983,
147724,
173447,
187180,
193519,
196449,
200,
17492,
196259,
551519,
830082,
1010941,
1123713,
1189769,
1226172,
1245548,
13,
47,
1293,
17528,
83584,
143837,
171243,
184535,
191523,
195675,
47,
114,
1660,
17861,
78486,
132181,
155339,
167999,
173534,
176542,
190,
14795,
161613,
460563,
708118,
883682,
998117,
1069288,
1110175,
1136068,
0,
71,
1461,
16990,
77652,
131050,
156942,
169352,
175306,
178745,
16,
151,
2421,
24251,
89915,
140009,
164259,
176764,
182154,
184827,
111,
9718,
118362,
362824,
608271,
810654,
937890,
1007399,
1047913,
1063303,
1,
172,
5569,
41479,
119602,
178126,
206998,
220784,
227717,
231496,
1,
56,
2735,
29132,
86132,
121512,
136195,
143913,
147156,
148910,
6174,
57002,
181445,
296515,
361220,
393882,
410100,
419073,
423272,
424107,
0,
23,
1067,
10986,
39101,
65724,
79899,
87439,
90278,
92315,
0,
2,
426,
6157,
25066,
42529,
51631,
56003,
58489,
59299,
7977,
53688,
140152,
223446,
286580,
325463,
344856,
355384,
360916,
362805,
0,
69,
1639,
10051,
27909,
45861,
55507,
60445,
62777,
64109,
0,
46,
1292,
10523,
32303,
56920,
69308,
75199,
78427,
79764,
12656,
49326,
104322,
155836,
190184,
209510,
219315,
225598,
227839,
228867,
33848,
466119,
2148805,
3.38336e+06,
5.44159e+06,
6145356,
6306766,
6.45748e+06,
6499925,
6558289,
0,
4761,
285592,
747782,
1668599,
1793661,
1848447,
1910584,
1925107,
1928388,
0,
43685,
483926,
1005225,
1.75015e+06,
2167078,
2166108,
2212424,
2229976,
2235641,
0,
5716,
272014,
2614816,
5905531,
7332582,
7.55561e+06,
7730188,
7817178,
7860157,
1,
2503,
147772,
1.09462e+06,
1768261,
1968348,
2031331,
2071894,
2094926,
2102997,
0,
1156,
209064,
1.36024e+06,
2097308,
2182287,
2259045,
2290567,
2303955,
2.3157e+06,
0,
17082,
741216,
4320983,
6480421,
7371362,
7854801,
8.06271e+06,
8225672,
8308306,
0,
1042,
70167,
671813,
1389851,
1604603,
1683856,
1726617,
1749491,
1758385,
0,
806,
102798,
760517,
1084623,
1.24079e+06,
1323603,
1364496,
1384779,
1393027,
28,
24581,
874206,
4285845,
6036221,
6782188,
7458062,
7.61756e+06,
7712947,
8081122,
6,
2002,
79135,
619966,
1283297,
1572493,
1727323,
1802535,
1840556,
1859049,
1,
676,
32079,
438693,
801979,
865331,
909093,
930953,
942291,
945215,
505,
49491,
628159,
1688284,
2.29208e+06,
2573474,
2714679,
2782129,
2.81648e+06,
2832162,
0,
201,
16249,
296172,
615662,
721390,
774403,
801006,
811958,
820413,
0,
44,
8277,
136524,
378232,
494073,
543992,
569877,
581289,
586965,
473,
46837,
591415,
1.66852e+06,
2332738,
2719972,
2.9385e+06,
3064044,
3154947,
3210905,
0,
65,
6457,
138020,
428849,
546079,
599818,
628180,
642131,
647836,
0,
12,
4953,
85324,
269664,
363355,
408425,
431376,
442268,
448450,
401,
37544,
510580,
1464135,
2078745,
2446058,
2655971,
2766024,
2824758,
2859066,
0,
93,
6425,
87052,
298748,
406890,
458936,
484740,
497650,
503267,
0,
145,
8329,
79661,
222529,
302104,
342634,
362039,
371748,
377150,
480,
31797,
473553,
1442086,
2.13299e+06,
2528915,
2756253,
2872963,
2943302,
2989168,
10,
1121,
27969,
191651,
444175,
592354,
666836,
702959,
719204,
728935,
32,
228,
10613,
162682,
368321,
412745,
437433,
449081,
455295,
459073,
230,
18345,
252862,
688151,
966343,
1.10312e+06,
1169263,
1203086,
1.22035e+06,
1227353,
27,
289,
5522,
103987,
270382,
332188,
361231,
376041,
383535,
387196,
2,
69,
2544,
41316,
141982,
194727,
219366,
231404,
237879,
241123,
134,
16591,
233665,
689504,
1031087,
1237455,
1.35236e+06,
1419682,
1451055,
1467031,
21,
29,
2520,
43145,
153566,
215526,
245239,
259539,
265548,
270558,
23,
30,
1100,
28798,
118620,
167412,
191400,
202790,
209309,
212321,
164,
16337,
209224,
613697,
928612,
1124859,
1230215,
1287425,
1317507,
1332527,
15,
20,
1457,
20335,
91935,
150628,
177302,
191196,
197653,
201222,
23,
76,
1120,
16074,
87660,
152495,
180844,
194837,
201519,
205247,
149,
14299,
180751,
540831,
829504,
1015161,
1129091,
1195592,
1233358,
1252058,
12,
35,
859,
14672,
81048,
145084,
173734,
187927,
194967,
198648,
56,
87,
1118,
13507,
73269,
129420,
154067,
166653,
173308,
175474,
128,
12051,
148918,
456164,
712637,
895563,
1015807,
1090789,
1.13651e+06,
1163115,
0,
52,
1119,
15046,
75717,
133631,
160241,
173304,
180860,
183240,
23,
121,
2005,
21610,
85405,
137591,
161918,
174539,
181113,
184170,
75,
7770,
109472,
362967,
616685,
832853,
969956,
1043658,
1.08788e+06,
1103875,
0,
134,
4427,
38157,
118725,
179916,
207894,
222115,
229696,
233924,
0,
57,
2381,
27968,
87194,
122442,
137167,
144678,
147945,
149744,
5667,
54493,
179091,
295917,
360980,
393395,
411029,
418586,
422424,
424994,
0,
20,
892,
10746,
39184,
66661,
81383,
88209,
91852,
93296,
0,
4,
341,
6050,
25133,
43711,
52954,
57875,
60274,
61398,
7479,
51920,
137427,
221327,
285069,
323562,
344024,
354433,
359246,
361781,
0,
66,
1406,
9104,
26400,
43487,
53178,
57891,
60359,
61192,
0,
45,
1027,
9339,
31352,
56403,
68976,
75346,
77993,
79623,
11364,
45615,
98344,
146978,
180316,
199446,
209045,
213819,
216848,
218088,
24914,
483596,
2030617,
3.32703e+06,
5359045,
6086824,
6440565,
6.51616e+06,
6594456,
6647213,
0,
5728,
288166,
743808,
1726915,
1933555,
1969819,
2031753,
2043701,
2048249,
0,
53084,
493892,
992187,
1742763,
2195071,
2206501,
2243195,
2261518,
2272435,
20,
5897,
274637,
2606524,
6152454,
7587874,
7815018,
7984573,
8070336,
8113345,
5,
2875,
148232,
1080947,
1819573,
1995145,
2.06735e+06,
2101842,
2.11949e+06,
2130415,
0,
965,
186169,
1340315,
2102791,
2198343,
2267558,
2303548,
2.31925e+06,
2327295,
19,
16330,
709805,
4305879,
6632417,
7475488,
8.01015e+06,
8.17543e+06,
8341993,
8410084,
0,
949,
65240,
676547,
1.43978e+06,
1651804,
1741495,
1788255,
1811303,
1822729,
0,
980,
97979,
750024,
1.07709e+06,
1239157,
1322641,
1.36203e+06,
1382235,
1392235,
40,
24330,
844968,
4266595,
6107186,
6854024,
7565586,
7703182,
7819191,
8162715,
3,
1954,
73938,
600594,
1.24205e+06,
1543904,
1.69822e+06,
1775599,
1811651,
1830782,
2,
704,
32479,
433439,
805623,
868755,
911298,
933671,
943305,
948893,
583,
51808,
628650,
1680135,
2.28752e+06,
2.57271e+06,
2711645,
2783356,
2815798,
2835491,
0,
185,
17726,
288144,
617995,
718653,
772828,
798663,
810921,
817511,
0,
56,
9651,
143700,
385240,
501762,
550470,
575216,
588446,
593837,
500,
49157,
596854,
1675478,
2330026,
2.7164e+06,
2930465,
3054871,
3146838,
3205106,
0,
66,
6820,
142900,
434801,
549581,
603609,
630370,
644016,
650741,
0,
17,
5247,
87996,
273925,
366392,
411478,
433911,
444059,
449692,
438,
40810,
521385,
1477089,
2085361,
2453949,
2660755,
2772135,
2836051,
2867322,
0,
117,
7399,
93106,
300048,
404514,
455404,
479752,
491793,
498136,
0,
253,
9363,
85350,
228839,
304925,
342974,
362114,
371740,
375975,
454,
35095,
481780,
1449924,
2.12786e+06,
2520473,
2741856,
2857999,
2929041,
2982203,
10,
1286,
29309,
192440,
439020,
583929,
656552,
692046,
710596,
718937,
7,
284,
11985,
165859,
364066,
409898,
433671,
446962,
452250,
455415,
242,
20298,
262138,
689862,
960024,
1094524,
1158639,
1192976,
1208928,
1216065,
11,
188,
5759,
104786,
270193,
334653,
364091,
378914,
386686,
390175,
0,
43,
2583,
42168,
143644,
196492,
220717,
233329,
239029,
241906,
160,
19169,
247245,
695514,
1031637,
1235602,
1354937,
1419507,
1450948,
1466258,
0,
51,
3085,
48197,
157301,
216332,
243926,
258313,
264820,
268372,
0,
20,
1205,
31204,
120774,
167988,
190586,
201785,
207274,
210517,
190,
18353,
219468,
618102,
927636,
1.11705e+06,
1.22373e+06,
1282887,
1310112,
1325458,
0,
40,
1733,
22437,
94373,
152859,
178454,
191544,
199040,
201198,
2,
25,
1286,
17903,
91228,
152471,
179227,
192436,
198570,
201919,
211,
16269,
190874,
549689,
833381,
1016625,
1132656,
1200414,
1236842,
1256852,
0,
24,
1103,
17030,
84506,
145951,
174444,
188021,
194338,
197595,
0,
31,
1257,
16678,
79217,
133308,
156702,
168163,
174274,
177069,
168,
13599,
157630,
462576,
713594,
891591,
1010351,
1082858,
1126225,
1153005,
0,
36,
1282,
16653,
78332,
133306,
158318,
171322,
177161,
180701,
0,
68,
2126,
23356,
88496,
139855,
164114,
176499,
181700,
184687,
96,
9203,
116630,
369201,
618649,
827858,
960964,
1030677,
1072517,
1089724,
0,
207,
5515,
40870,
120221,
180128,
207859,
221521,
228919,
232093,
1,
66,
2611,
28884,
86988,
120095,
134801,
141648,
145105,
147011,
6083,
55402,
180927,
297842,
362557,
395087,
411862,
419825,
423394,
425722,
0,
23,
1032,
11163,
39620,
66545,
80029,
87300,
90731,
92288,
0,
1,
363,
6661,
26860,
44956,
54257,
59265,
61501,
62322,
8000,
53568,
141227,
225772,
290900,
327059,
347559,
358003,
362445,
365657,
1,
91,
1626,
10118,
27907,
45546,
54764,
59811,
61788,
62839,
0,
70,
1336,
10992,
33839,
57883,
70445,
76245,
78763,
80594,
13138,
50046,
105444,
155425,
189087,
208113,
217947,
223403,
226002,
226915,
36918,
528717,
2097105,
3435787,
5497158,
6246218,
6518925,
6556752,
6615148,
6691409,
0,
5409,
296926,
778754,
1674626,
1809905,
1885484,
1907341,
1926122,
1929579,
0,
57367,
489839,
994612,
1716143,
2152926,
2169183,
2186568,
2224046,
2225272,
6,
7314,
316590,
2682982,
5914475,
7241403,
7495658,
7680425,
7762944,
7801339,
0,
2984,
164394,
1120553,
1812589,
1.96384e+06,
2047566,
2069461,
2097474,
2101898,
0,
1010,
220296,
1366124,
2058822,
2166236,
2246439,
2277209,
2290433,
2302654,
7,
19225,
795524,
4339719,
6496355,
7292553,
7828999,
8026549,
8214618,
8271893,
0,
1205,
72297,
666953,
1379382,
1619345,
1689425,
1728858,
1752677,
1765837,
0,
956,
104529,
759159,
1.07806e+06,
1.23033e+06,
1313007,
1354648,
1374739,
1.38519e+06,
24,
27305,
928482,
4277177,
6042617,
6774973,
7481687,
7618909,
7727822,
8087513,
5,
1930,
77839,
608664,
1.26357e+06,
1544739,
1.69482e+06,
1768817,
1804741,
1822006,
1,
556,
31357,
432029,
812651,
868381,
913213,
935647,
945672,
951593,
491,
51879,
636822,
1686323,
2.28309e+06,
2560789,
2698218,
2765805,
2802768,
2818277,
0,
163,
16847,
293607,
619217,
726348,
776149,
803307,
815509,
822883,
0,
32,
8710,
135801,
381056,
500869,
549052,
573372,
585382,
592144,
404,
48057,
599897,
1672082,
2327066,
2.70914e+06,
2929583,
3053275,
3144239,
3203164,
0,
55,
6804,
139881,
431519,
548751,
602916,
630219,
644887,
650289,
0,
13,
4990,
87329,
271630,
365310,
411455,
433704,
445047,
451556,
329,
39419,
521383,
1479683,
2088451,
2455966,
2669036,
2779745,
2841178,
2873009,
0,
99,
6389,
86251,
298573,
406204,
458154,
483089,
495040,
501273,
0,
176,
8689,
79664,
223240,
306718,
345878,
365268,
375633,
380623,
441,
34211,
483127,
1.45943e+06,
2147118,
2548489,
2772929,
2885807,
2960148,
3003444,
5,
1066,
27373,
187957,
433620,
577067,
649587,
684890,
702283,
711103,
44,
226,
9979,
157489,
373637,
418778,
442458,
454982,
461539,
464932,
209,
17403,
252214,
682378,
959326,
1095944,
1163339,
1197028,
1214552,
1221219,
48,
239,
5286,
105526,
273880,
335103,
365365,
379173,
386850,
390811,
19,
70,
2483,
41352,
142428,
195510,
219018,
231486,
238450,
241128,
174,
16513,
233363,
682642,
1021737,
1227692,
1344807,
1409626,
1441616,
1455813,
31,
67,
2744,
43282,
153348,
216950,
245258,
260626,
267064,
271021,
39,
48,
1173,
29605,
119025,
167574,
192375,
203647,
210097,
212937,
219,
16112,
207241,
606856,
923752,
1116512,
1224583,
1281131,
1309822,
1324918,
25,
30,
1410,
20168,
91114,
150762,
178499,
191469,
198738,
202006,
38,
109,
1104,
15941,
85932,
151019,
179593,
193297,
199986,
203372,
156,
14386,
177783,
532684,
816255,
999293,
1112113,
1.17856e+06,
1214763,
1233995,
23,
35,
1032,
15529,
81264,
144830,
174341,
188290,
195268,
198948,
93,
132,
1513,
15666,
74244,
130789,
154866,
167801,
174157,
176801,
121,
12156,
145587,
444896,
697234,
875721,
994543,
1065941,
1107913,
1136326,
0,
81,
1174,
15308,
74484,
131364,
157754,
171136,
177572,
181529,
40,
180,
2252,
22814,
88000,
139580,
164070,
177009,
183100,
185925,
66,
7686,
106062,
352585,
603137,
817697,
952834,
1023392,
1067103,
1083472,
2,
123,
4257,
35695,
112519,
171657,
200680,
215669,
223319,
226854,
0,
49,
2246,
26260,
87660,
126995,
143543,
151082,
155383,
157023,
5434,
51010,
169007,
284907,
350936,
384378,
402360,
410732,
414865,
416702,
0,
28,
879,
10064,
37656,
66281,
81902,
89406,
92973,
94945,
0,
3,
400,
5958,
25315,
44142,
54012,
59219,
61584,
62654,
7341,
49388,
129890,
209899,
272172,
308975,
328512,
337745,
342876,
345745,
0,
75,
1427,
8964,
25347,
43234,
52931,
57969,
60281,
61483,
0,
25,
1132,
10627,
35148,
63433,
78316,
84522,
87888,
90131,
12896,
48833,
102622,
152976,
186850,
205752,
216185,
221433,
223403,
224671,
47524,
516011,
2113026,
3526583,
5487934,
6276992,
6499359,
6516603,
6.59366e+06,
6648442,
0,
3240,
304207,
779477,
1645781,
1793954,
1855112,
1897234,
1919661,
1913876,
0,
49120,
476198,
1019405,
1749292,
2137016,
2169474,
2190533,
2213346,
2221459,
1,
9523,
341568,
2680383,
5891038,
7162165,
7446342,
7625443,
7684261,
7726776,
1,
3592,
176095,
1112539,
1797128,
1936084,
2020529,
2056187,
2082499,
2087074,
0,
1218,
219226,
1374017,
2072258,
2186333,
2250184,
2279148,
2297205,
2.30414e+06,
2,
23267,
819427,
4329811,
6462612,
7255914,
7784592,
8011687,
8190683,
8.25849e+06,
0,
1319,
76484,
688865,
1384483,
1609862,
1683659,
1722837,
1746577,
1758284,
0,
1058,
103936,
756998,
1077462,
1234468,
1313467,
1352975,
1374467,
1384413,
35,
31500,
945362,
4285462,
6.02053e+06,
6.76719e+06,
7446689,
7595418,
7717753,
8080454,
9,
2017,
84835,
627326,
1269206,
1.54958e+06,
1701416,
1776767,
1810398,
1826157,
2,
921,
36063,
449576,
808347,
865888,
909822,
932326,
941904,
949280,
667,
60316,
670603,
1716715,
2296265,
2573873,
2709221,
2775016,
2807495,
2823512,
0,
273,
21179,
309306,
624042,
724070,
771589,
800924,
812702,
817674,
0,
39,
10777,
147389,
384197,
494917,
542523,
565390,
579518,
584146,
556,
55077,
630062,
1.69933e+06,
2343023,
2719058,
2933413,
3061011,
3152812,
3210787,
0,
90,
8355,
146401,
430811,
545105,
596752,
624003,
638627,
643712,
0,
20,
6053,
90873,
272098,
363988,
409644,
431697,
441260,
447034,
536,
45150,
543987,
1485258,
2073191,
2436591,
2642952,
2752948,
2812058,
2843971,
1,
151,
8276,
95081,
299613,
401820,
451776,
475782,
487675,
494252,
1,
182,
10096,
89167,
232057,
309903,
347789,
367025,
376366,
380064,
671,
38904,
504532,
1466186,
2120538,
2509297,
2727521,
2.84124e+06,
2910208,
2957491,
18,
1382,
30702,
198940,
448567,
591362,
663211,
698185,
715782,
725082,
46,
297,
12563,
168190,
366214,
412267,
436074,
447413,
453709,
457636,
255,
21351,
269112,
700985,
972453,
1106043,
1171459,
1202742,
1.21897e+06,
1228669,
39,
331,
6055,
108043,
270601,
331164,
359535,
374514,
381845,
384035,
5,
59,
2529,
44522,
145256,
195301,
219067,
231129,
237681,
240667,
170,
19631,
250288,
700658,
1030798,
1231138,
1346774,
1413947,
1442474,
1.45663e+06,
20,
70,
3484,
49145,
156920,
216097,
244583,
257865,
265014,
268306,
19,
40,
1586,
33082,
119810,
166337,
188972,
199867,
205091,
207835,
252,
19683,
224567,
623631,
931038,
1121895,
1227412,
1.28368e+06,
1312687,
1325446,
5,
40,
1991,
24235,
95688,
150859,
177544,
190090,
196212,
199158,
17,
60,
1738,
20571,
94106,
152557,
179595,
192022,
198079,
201899,
255,
17735,
197028,
554932,
834277,
1014307,
1123874,
1188252,
1.22478e+06,
1243968,
0,
49,
1417,
19008,
87141,
148059,
175194,
188685,
195956,
198952,
17,
98,
1628,
18851,
81199,
132831,
156268,
167524,
173535,
176513,
205,
14145,
160220,
461364,
704823,
875273,
991054,
1062396,
1102665,
1127426,
0,
39,
1392,
17683,
79675,
134952,
160557,
172859,
179022,
182030,
6,
93,
2414,
26097,
92579,
143110,
166293,
178546,
183992,
187491,
98,
9558,
117232,
365460,
606228,
803745,
929176,
995363,
1037224,
1051253,
0,
226,
5417,
42266,
125410,
187872,
217731,
231980,
240780,
243450,
1,
77,
2724,
30274,
89086,
123379,
138267,
145235,
149160,
150833,
6009,
56435,
185530,
303508,
366976,
400937,
417578,
425516,
429921,
431606,
0,
34,
1197,
11587,
39731,
66094,
80386,
87560,
90227,
92125,
0,
4,
456,
7003,
25711,
42149,
51253,
55739,
57654,
59065,
8566,
54500,
141814,
225399,
288223,
326394,
346283,
356159,
360846,
363833,
0,
109,
1627,
9626,
27118,
45527,
55479,
60591,
63273,
64326,
0,
43,
1110,
10204,
32131,
57873,
70954,
77442,
80521,
81862,
12543,
49765,
105277,
156150,
191151,
210378,
220531,
226419,
228405,
229942,
28326,
467660,
2.15185e+06,
3153745,
5456216,
6115049,
6304822,
6446672,
6499329,
6550412,
0,
5200,
293225,
720108,
1738157,
1836385,
1892026,
1968132,
1976109,
1987113,
0,
41863,
499377,
1010758,
1775138,
2185448,
2193826,
2230848,
2251012,
2259483,
14,
6109,
274875,
2667433,
5998034,
7523534,
7706826,
7895419,
7981314,
8023487,
8,
2520,
145730,
1081089,
1776824,
1980609,
2049764,
2088285,
2106239,
2115006,
0,
767,
202777,
1365087,
2115117,
2196947,
2264746,
2297464,
2316535,
2324642,
10,
16906,
722612,
4379547,
6.51309e+06,
7444217,
7925086,
8140284,
8300652,
8377984,
0,
941,
64112,
671627,
1425675,
1.62972e+06,
1717862,
1763669,
1783811,
1796161,
0,
835,
95456,
743612,
1076797,
1237916,
1319512,
1359904,
1382101,
1392675,
29,
24482,
856842,
4332632,
6040169,
6832861,
7525976,
7687518,
7780157,
8144261,
4,
1946,
75243,
605863,
1273847,
1564654,
1716226,
1794615,
1828619,
1.84885e+06,
0,
668,
31388,
432297,
803788,
867581,
909922,
931501,
941683,
947069,
503,
50281,
636218,
1.692e+06,
2292539,
2579587,
2717393,
2783825,
2820964,
2837578,
0,
165,
16749,
296803,
609523,
715355,
768987,
795269,
807151,
813452,
0,
34,
9446,
145723,
382228,
497620,
547494,
570823,
582922,
589276,
536,
49878,
608894,
1686126,
2343696,
2729851,
2944769,
3070724,
3.16325e+06,
3218912,
0,
65,
7345,
141496,
427502,
543971,
597293,
625644,
639511,
644280,
0,
21,
5933,
90470,
273738,
365708,
410249,
432897,
444281,
450281,
438,
40685,
525602,
1473412,
2079056,
2444212,
2649518,
2759574,
2821613,
2852097,
1,
115,
7100,
93750,
303972,
407819,
458136,
484210,
496016,
503161,
0,
214,
9760,
86568,
229085,
305807,
344974,
363861,
373572,
378096,
469,
35011,
487322,
1449977,
2.12646e+06,
2514747,
2735736,
2849127,
2922637,
2971733,
7,
1244,
29192,
197061,
448237,
593837,
666619,
703524,
720756,
730218,
6,
251,
11521,
165212,
364204,
410143,
435045,
447532,
452789,
455339,
225,
19006,
258505,
697346,
973309,
1108314,
1174995,
1.2086e+06,
1227044,
1235012,
6,
156,
5543,
104025,
270592,
332592,
362405,
376877,
385388,
388042,
1,
32,
2678,
42676,
141952,
193789,
218927,
230089,
236658,
238808,
154,
19080,
245719,
701581,
1037721,
1243971,
1361725,
1426412,
1459079,
1474651,
2,
47,
3194,
48111,
155995,
217551,
245324,
259486,
266402,
269982,
6,
16,
1329,
32169,
119399,
165632,
188614,
200037,
205466,
208476,
180,
18667,
220056,
623743,
932647,
1124571,
1232079,
1291595,
1319625,
1334476,
3,
40,
1923,
23235,
94562,
152568,
179217,
191830,
198316,
201961,
12,
40,
1320,
18387,
89672,
151147,
177522,
189986,
197241,
200139,
178,
16469,
190511,
549343,
829413,
1013961,
1126939,
1193749,
1230776,
1251229,
0,
31,
1103,
17435,
84843,
146343,
174558,
187744,
194945,
198011,
8,
71,
1451,
17396,
79465,
133484,
157390,
169174,
174974,
178331,
175,
13704,
156946,
461204,
709469,
886052,
1002845,
1076824,
1115312,
1142871,
0,
54,
1430,
17554,
78100,
133201,
158761,
171454,
177838,
181366,
5,
134,
2479,
24976,
90511,
142185,
166492,
178564,
184859,
188138,
102,
9384,
115037,
365429,
608483,
813890,
941178,
1010008,
1052283,
1.06734e+06,
2,
211,
5563,
41454,
119926,
178526,
207420,
221813,
229260,
232993,
3,
73,
2738,
28197,
86661,
122491,
137862,
144531,
148992,
150299,
6379,
55976,
181844,
300107,
364930,
398269,
414899,
422859,
428333,
428933,
0,
22,
1093,
11500,
39561,
66350,
80207,
87558,
91153,
92582,
0,
2,
337,
6353,
26457,
43812,
53397,
58445,
60561,
61918,
7981,
52814,
139468,
223524,
288566,
327606,
347304,
356584,
363224,
365316,
1,
69,
1616,
10187,
27771,
45538,
55166,
59782,
62404,
63344,
0,
30,
1215,
11171,
34587,
59024,
71378,
76984,
79784,
81227,
13107,
49815,
105967,
156472,
190189,
209542,
220344,
225450,
227575,
228382,
34178,
500770,
2210739,
3277484,
5.46214e+06,
6121118,
6291058,
6477014,
6.49109e+06,
6.54424e+06,
0,
3955,
278696,
745298,
1658921,
1808642,
1855536,
1894455,
1917567,
1926578,
0,
36218,
525613,
999000,
1730664,
2142944,
2.14966e+06,
2196372,
2213215,
2.22343e+06,
34,
6916,
308304,
2669793,
5878242,
7241621,
7516189,
7703322,
7770783,
7814671,
9,
3079,
173683,
1102783,
1744695,
1932018,
2004077,
2040312,
2061408,
2070151,
0,
1081,
232651,
1385338,
2062819,
2158479,
2226494,
2260119,
2277848,
2286123,
27,
20259,
802508,
4358342,
6448385,
7317629,
7823165,
8.03382e+06,
8194788,
8269784,
0,
1162,
78462,
700334,
1370079,
1583088,
1657866,
1699179,
1722254,
1732913,
0,
930,
110722,
769433,
1088497,
1240649,
1322064,
1361297,
1383021,
1392635,
49,
29038,
938191,
4309987,
6.02275e+06,
6774817,
7466836,
7614163,
7711722,
8079035,
10,
2149,
89832,
660663,
1317325,
1598916,
1749254,
1822133,
1857327,
1875251,
0,
789,
37911,
456656,
794690,
859129,
900163,
921413,
931236,
937574,
650,
58865,
680337,
1740289,
2321618,
2595764,
2728329,
2795624,
2829754,
2849802,
0,
205,
19753,
304966,
620176,
722543,
774220,
800353,
813700,
820251,
0,
55,
10213,
151595,
382107,
490853,
537935,
562591,
574650,
580163,
652,
56240,
642214,
1715301,
2359056,
2731231,
2945493,
3066857,
3.15766e+06,
3214191,
0,
77,
7527,
147594,
428470,
544751,
598370,
623966,
637656,
643490,
0,
13,
5665,
91031,
271710,
365097,
408842,
431570,
443034,
448871,
543,
45505,
555629,
1503421,
2085959,
2445777,
2649076,
2760109,
2819294,
2850839,
4,
120,
7876,
99614,
305615,
408129,
458349,
482678,
494877,
500474,
0,
186,
9730,
89267,
228874,
305595,
343913,
362904,
371895,
377403,
572,
38751,
513522,
1473399,
2123396,
2.51023e+06,
2727754,
2841931,
2913282,
2959395,
17,
1300,
33434,
216661,
474818,
620324,
691919,
727972,
745608,
754678,
25,
267,
12610,
171630,
360251,
406394,
429966,
441702,
447892,
450338,
267,
19837,
269733,
710111,
985881,
1122139,
1186445,
1222365,
1239024,
1245447,
19,
230,
5790,
106961,
271710,
331538,
360766,
376297,
383169,
386513,
1,
49,
2640,
43839,
143441,
195154,
219357,
232127,
238042,
241653,
207,
19240,
254586,
707842,
1046284,
1249885,
1367699,
1433861,
1463377,
1480177,
11,
44,
3105,
48730,
157358,
217738,
245031,
259180,
266639,
269231,
13,
20,
1195,
31374,
118179,
166123,
189128,
200351,
206434,
209087,
234,
18677,
226230,
628532,
939574,
1131478,
1239607,
1296541,
1324953,
1338934,
7,
37,
1628,
22046,
94753,
151956,
179463,
192020,
198262,
202078,
13,
50,
1084,
16260,
87430,
150576,
177394,
191463,
198124,
201408,
229,
16588,
195418,
555576,
840767,
1.02602e+06,
1140243,
1.20764e+06,
1244279,
1264466,
1,
42,
1144,
16518,
84913,
145900,
174205,
188000,
194473,
198082,
25,
75,
1291,
16229,
76731,
131693,
156689,
168630,
174809,
177488,
197,
13783,
159622,
466113,
716789,
893933,
1010731,
1082451,
1.12473e+06,
1152452,
1,
52,
1410,
16609,
78154,
132954,
159095,
172066,
178864,
182065,
8,
99,
2591,
24033,
90761,
142490,
166431,
179648,
185420,
188507,
126,
9288,
117992,
369435,
614462,
817783,
946092,
1014506,
1057021,
1.07201e+06,
3,
214,
5712,
42491,
122437,
181695,
210476,
223985,
231902,
235473,
2,
65,
2613,
29219,
88711,
123250,
137850,
145537,
149206,
151309,
5976,
55634,
184234,
302273,
367593,
400918,
417221,
425581,
429470,
431244,
0,
19,
1023,
11200,
39614,
66229,
80133,
86357,
90449,
91808,
0,
2,
308,
6411,
26207,
44896,
54306,
58895,
61342,
62757,
7695,
52000,
139467,
223601,
285879,
322935,
342358,
353102,
358061,
360687,
1,
75,
1441,
9323,
27594,
44472,
54245,
59183,
61156,
62327,
0,
41,
910,
9645,
33416,
60130,
73029,
79851,
83211,
84024,
11827,
48073,
104070,
155270,
190532,
210570,
220689,
225876,
229065,
229915,]

print(np.sum(a) / 10 / 32)

